296.99999999999994 -337.0
296.99999999999994 -337.0
296.99999999999994 -337.0
296.99999999999994 -337.0
298.0 -337.0
302.0 -337.0
308.0 -337.0
308.99999999999994 -337.0
308.99999999999994 -337.0
312.99999999999994 -337.0
319.00000000000006 -337.0
328.0 -336.0
328.99999999999994 -336.0
336.99999999999994 -336.0
340.99999999999994 -336.0
342.0 -335.00000000000006
344.99999999999994 -335.00000000000006
356.0 -334.0
360.0 -333.0
366.0 -333.0
372.0 -332.0
374.0 -331.0
380.99999999999994 -329.99999999999994
388.99999999999994 -328.0
392.99999999999994 -327.0
400.0 -326.00000000000006
403.00000000000006 -325.0
408.99999999999994 -323.0
415.00000000000006 -322.0
416.99999999999994 -321.0
420.99999999999994 -320.0
428.0 -317.0
432.99999999999994 -316.0
439.00000000000006 -314.0
440.99999999999994 -313.0
446.0 -311.0
447.00000000000006 -310.0
452.99999999999994 -308.0
455.00000000000006 -307.0
460.99999999999994 -304.0
460.99999999999994 -304.0
468.99999999999994 -300.0
479.00000000000006 -296.0
478.0 -296.0
480.99999999999994 -294.0
488.99999999999994 -290.0
491.00000000000006 -289.0
498.0 -285.0
500.0 -284.0
503.00000000000006 -282.0
510.0 -277.0
515.0 -274.0
514.0 -275.0
514.0 -275.0
514.0 -275.0
514.0 -275.0
514.0 -275.0
514.0 -275.0
514.0 -275.0
516.0 -274.0
517.0 -273.0
517.0 -273.0
517.0 -273.0
517.0 -273.0
517.0 -273.0
517.0 -273.0
517.0 -273.0
517.0 -273.0
517.0 -273.0
517.0 -273.0
517.0 -273.0
517.0 -273.0
517.0 -273.0
517.0 -273.0
517.0 -273.0
517.0 -273.0
517.0 -273.0
517.0 -273.0
517.0 -273.0
517.0 -273.0
517.0 -273.0
517.0 -273.0
517.0 -273.0
517.0 -273.0
517.0 -273.0
516.0 -274.0
516.0 -274.0
517.0 -273.0
517.0 -273.0
517.0 -273.0
517.0 -273.0
517.0 -273.0
517.0 -273.0
518.0 -272.0
519.0 -272.0
520.0 -271.0
521.0 -270.0
523.0 -268.0
525.0 -267.0
526.0 -265.0
527.0 -264.0
529.0 -262.0
531.0 -261.0
532.0 -259.0
534.0 -257.0
536.0 -255.00000000000003
538.0 -253.0
539.0 -251.0
541.0 -249.0
543.0 -247.0
544.0 -245.0
545.0 -243.0
547.0 -242.0
548.0 -238.99999999999997
550.0000000000001 -238.0
551.0 -236.0
552.0 -234.0