1.6668595013865437
1.1204732395263308
1.3422921283311577
1.529570759055149
1.0197084800180687
2.192535359546008
1.8405136227370258
0.8113889760111432
1.577270902010549
0.2984205002625625
-0.04820933136569551
0.9958086045258548
-1.3676428074143323
0.6445917040109634
-0.5502842407065084
-0.6902227753187081
-0.6165024932637158
0.5302973346287511
1.1091251793610621
-0.7221636878592628
0.656857500748279
0.1860362969606046
0.5054443350351189
-2.1467657434750365
-0.30917562496852113
-2.8622866056829808
-1.6344393097546945
-2.5543572589077734
-1.67160771757483
0.05630595830688439
-1.4795093767315268
-1.232889224333592
-0.1984467119928375
0.6121181264858354
-0.49798615745814195
-1.0283385480483214
-5.460275767808891
0.5922213311926777
-1.309862452169576
-1.2606229365226769
0.13158318818921588
-1.2159357260897814
-0.21278775413520634
0.3343840539455414
-0.11443207778066278
0.5352356457574801
-0.4787424247697055
0.34960520540575585
-0.9989103178282183
-0.6936800315355262
-2.512115285691037
-0.47330972282178846
-0.08624090720339125
-1.7925504126634255
-0.30338687031155087
0.36415990355955175
0.26473634379605454
-0.005188212125187376
0.10878332429810574
-0.01727095736094205
-2.394168358221947
-0.3225729929735936
-0.7839245739804797
-0.0841214856505394
-1.6785919596237016
0.12407545791938901
-1.4932169954318448
-4.220496489723244
-0.6465372332330956
-1.127057167460244
-1.0623671025393968
-1.7151270606128344
-0.13365256548877733
-0.11054333551708921
-0.15500326801937414
-3.3828081742700826
-2.3503294544094113
-0.19847025327822743
-0.7505929527945252
-3.647569039309642
0.37392989513408614
0.400050237626431
-2.001487424411622
-1.8385608664665565
-1.7502530547400632
-0.507236405316577
-3.3703444359074552
-1.4418979200026192
-1.275108743473828
-0.6497019456914697
-0.9880658472439208
-0.6624637224017624
-0.6176037432039639
-2.737987898260474
-4.8976838963915155
-0.41908442356671943
-0.6105325537630253
-0.4831508737042606
-0.12370385703715411
-0.25438342543237236
-1.125612362006376
-0.7612224945998085
-1.2625319524946441
-0.6523051556066213
-2.918958320085746
-0.8041243154214198
-0.4314561693564705
-0.7996705948594082
-3.5910923996021133
-0.011429577557878061
-0.6603815261704988
-2.152952165980088
-0.8890824688680143
-0.4601591419409083
-0.8954914466318381
-4.825142292387457
-0.3272842035231837
-3.9925458678211347
-0.33910464272793545
-0.489297334677898
-6.755267054911154
-2.177244675290062
-0.7292631760239601
-1.8131272748884453
-0.15582855685704178
-1.1023293037813497
-2.5924618641634387
-0.8195461849440854
0.012858047799403924
-1.0900736823974853
-5.515322451572494
-0.3827945206507269
-0.8469130538136835
-2.5121073300145063
-3.487039886266587
-0.4257746182857044
-0.336787624722458
-0.09985342212169769
-1.2280881360945
-1.2232781759652485
-0.33560946328469005
-0.5028823874000297
-4.057732275282719
-0.5438125113673185
-0.5188783256715512
-3.077974929752578
-0.21884814654272866
-0.4986673728284608
0.05350206614253056
-1.7853362540384212
-0.9037855067754171
-0.6309625878039584
-5.794976360294449
-0.7079587096712029
-0.3947992202532719
-0.45349948833959985
-0.9574823963689614
-0.5807046419477083
-0.5672993873264275
-0.1458037736792251
-2.3682739952378777
-0.3774949898757783
-0.34418539699923945
-0.6306867365580631
-0.5323787090847216
-0.6366618904934461
-0.1594096433920452
-1.3080140404789096
-0.31582477439447226
-3.5635388858646038
-4.099005109667778
-1.1309562390781494
-0.2990990832180853
-0.9570846624998932
-0.6154049673522136
-0.2964447105667031
-0.1368339942260222
-1.1236584447769529
-0.37651026248931885
-2.5844715399777187
-1.799845326825442
-0.6026948225272604
-0.9138838935836378
-0.3528914281300136
-0.47477381858989537
-1.5245098489026228
-2.209536116077634
-3.222056060673231
-0.6999634896735271
-3.8344564152903766
0.007769001182168722
-1.6653041291640573
-0.37458674140660414
-3.176769079469827
-0.7070958523517585
-1.0476024277300473
-0.4209427275288273
-1.7162854822463547
-0.35518060489134357
-1.3171644067899748
-0.23673601407790557
-0.9778961746756774
-2.558774566626644
-0.5749461585544495
-1.5667212407783684
-0.7789165914296154
-0.9067763158405919
-0.4991963010622686
-0.4792714434790896
-0.6370025405074021
-0.7985015482868094
-0.7713517730691993
-1.1275137054213022
-1.1642891793218377
-0.19814902083925992
-0.8372405498731331
-0.7983282052197502
-0.713243863883009
-0.40062428553740814
-0.6954030989116406
-1.1291440521103453
-0.5414585583060386
-0.38944747598760154
-0.8354540133618739
-0.4148516491362729
-0.25326623753556665
-7.2834369575834845
-0.7176199580331247
-0.3800433482010051
-1.1107266965615321
-4.084375613714119
-0.4318820802101576
-0.7012547842297421
-0.4032736371059817
-0.24958097248264913
-0.3359761908650398
-0.7368670896704929
-1.2181176310405135
-2.0213695018889895
-0.7648637278740149
-0.789198869817048
-0.5643512099049985
-0.16984320814178014
-4.512331788758358
-1.9075270492242151
-0.40789053642536066
-1.873312108782658
-1.3340383215373255
-1.3044523760617017
-0.18303693488121509
-1.1208227003713054
-0.4145421926714793
-4.6891265941331115
-2.087526836960266
-1.3725454030945055
-0.11045108128477026
-0.36390262447361255
-1.6064637051635529
-5.2643139618801404
-0.19236274967452444
-1.3410864681005479
-0.1677766470859448
-0.2629703749045433
-1.7409316341715504
-3.2676036107577078
-0.490282693677452
-0.7077395703005364
-3.8859837805607405
-0.2889291149567798
-1.3823403894040451
-0.5103333608147158
-0.591630606403745
-0.646568541864
-0.3909739303695728
-4.745536203878334
0.18281842590090763
-0.1724274506369435
-0.5876757847924394
-2.405554673586234
-0.3800377783761041
-0.30822631448091736
-2.585662878841993
-0.173002308984083
-0.47440073293340634
-0.4896834635461469
-0.2387743207562967
-0.7210335650470152
-2.0386576339365003
-1.5012103985267806
-0.6296569450489626
-0.0928292653237681
-2.1566391309419
-1.0898152877135105
-0.4160862831747627
-0.5400694852525537
-1.703232469318582
-0.519688514688338
-1.9150908573927632
-0.8339238112623041
-3.6725453587464125
-0.48534433953315614
-0.35863953671957316
-1.7522185983885807
-0.39807506303388285
-1.2746835941100025
-1.7985226129036975
-0.8037477598722238
-0.37215738574347174
-0.5343639144740732
-1.1900807746705857
-1.054763364839364
-0.9705007742363143
-0.8536389140909412
-0.8659462973313488
-5.719199043821054
-0.36986689567565917
-0.23888070504385162
-0.429877244143847
-1.0040543773972181
-0.2351227213602617
-2.44239058085536
-1.6062394171596999
-0.43192216611478434
-2.2197475785921728
-0.67919799816086
-0.3197255239068749
-1.0092603838241907
-6.676206175905775
-0.3569984906520027
-0.7228595125247758
-10.169684353102726
-5.649275926858421
-1.1769664980975756
-0.3559226135078531
-2.889813246717491
-7.829349206263325
-1.0053047262339954
-2.1138145763959204
-1.875505068898201
-0.6453046078582209
-4.815436979373024
-0.46267714624504647
-0.2904770124955956
-1.5081769509381981
-0.17750808682693428
-1.1719254732606896
-0.7540434663632951
-0.7952233402140112
-0.6180411656776748
-0.3703749737767286
-0.3087041502098638
-1.5061443461572743
-3.0477939146270314
-1.0880422696055645
-0.2283081495577833
-1.4207204130749067
-1.704167694501255
-2.2958476590920256
-2.5582780952222253
-0.4482914172112942
-0.13423968130255126
-7.750247246715652
-0.29851631820201874
-1.1714428982649192
-0.2953357771335845
-0.46725000743846967
-2.1921901707630234
-0.2671439770267779
-1.3515311125740113
-3.884468241547695
-4.267187991227762
-0.2719472044543044
-2.249145623162923
-0.5334490950838978
-0.9893398535441592
-0.4029581378774339
-0.2853397472250846
-0.3396436423360114
-3.625485354920431
-0.4513756511732936
-0.3456366456362356
-7.649665374056514
-1.5746944516542412
-0.38144753626974454
-0.44511065129623856
-0.5817257988737874
-0.5570626614445989
-1.1092258277998504
-11.198717675835963
-0.3064841153434073
-0.7263576426354063
-1.8784052382605485
-2.211829541360631
-1.0477804738686853
-1.2221573879756775
-0.8758088066464379
-0.4776821400658543
-0.7855402758990626
-1.7471672708789507
-1.5784738007932901
-0.994843323328873
-1.3485780308886273
-5.986405781417523
-2.179206674804493
-0.2507495145098521
-0.916608076171571
-6.64508907396005
-3.1225436518629235
-0.6261534147350437
-0.43352049215143895
-1.2768577533176695
-1.3543926239109192
-0.6666934057120308
-1.2244160138812672
-1.5207660991998646
-0.41737410282859433
-0.6410477975925126
-0.9489845361901944
-0.8637745839903554
-2.548348612089952
-0.5305223960088069
-0.3728094357418349
-2.2825499464316197
-0.7454474811772426
-0.3597014991351333
-0.4357097585286413
-0.1160795985191476
-4.691598372571022
-1.1826979017174577
-0.9506874560003736
-4.811817847897072
-0.5672613201566427
-0.5907587716976802
-9.330870685349423
-1.1995455736658012
-2.846016369581935
-0.07466156345147353
-0.9310958815285884
-0.8747497471680205
-0.5022026629621289
-0.24964997671039932
-0.7359889583639889
-1.3758035999898974
-1.7270868129998564
-0.8468303787280839
-1.9097571256923012
-0.6941528797624595
-3.541248331887319
-1.5579915968070468
-0.3722406307856242
-0.5965223065851366
-0.009077551236665581
-0.6396404643101521
-0.3634842731514756
-0.4552251339196209
-2.1169271331978035
-0.4226751520754807
-1.0355413245608607
-6.717151552152175
-1.4528405139170795
-0.600299725613271
-2.4477535348489465
-0.509498368109196
-1.424729824362998
-1.0552756897956728
-0.3861836313560445
-2.4020301571405267
-1.7099108165835004
-0.7576445179252789
-0.6305015736604592
-0.21633903980255126
-0.5923618814384795
-0.3059861920625565
-0.47576561453517036
-0.3993996363471855
-0.49164451786365165
-0.5969968407716549
-2.9779687024286536
-1.2557186528268562
-4.061355865809072
-0.2380578719762217
-0.043017159808765755
-0.7115217773503516
-2.7673087159083005
-5.288249360612664
-1.0725427496421385
-0.23151734811919075
-0.10958214476704597
-0.7145420085505185
-0.434618290795748
-2.0491070913808858
-2.5248869795842
-0.21648311763408173
0.6229264140129089
-1.9087537539254622
-0.74032534560953
-0.22548119889365303
-0.28631825768852615
0.2805917689653292
-0.5699106659666001
-3.399520872774737
-0.8071140463193099
-0.27162343472242356
-9.95591490392191
-1.417399066229503
-0.4517422339237069
-1.2068384988790015
-11.736126979508724
-0.5749767025509679
-4.141570523692911
-5.521473374944996
-1.0830967364558186
-0.8072957921016264
-8.493941250075382
-1.412315346656805
-0.5355665889156767
-1.1991923548222527
-0.7506951771646857
-0.6501536972526103
-1.371538557320002
-1.2721805021844126
-4.893846891820431
-1.1561745927034621
-1.7392817134282503
-2.2831657072937346
-0.339939898896621
-0.9916400058395359
-1.435901009288442
-1.8116156396625394
-0.2937870946797458
-0.2517243533198577
-0.6320034002224763
-0.30061648554535975
-11.436845882005425
-0.7543959572519127
-2.0778034547885578
-2.270332352158083
-3.0727108314914524
-1.0346983743913145
-0.5087941841062796
-0.8131686484529859
-0.3667731496560223
-0.36120435834465275
-0.4566748570279771
-0.24982270706756657
-0.7485480043161438
-0.32731358267634036
-0.45285543217602003
-0.23658526534943478
-2.3071960746292097
-1.0952446302510352
-1.5303564494943238
-1.2921655111578831
-2.111193530021175
-0.5459833890199661
-0.40876249105213175
-0.17640307247638704
-1.1592247869032788
-0.045243069529533386
-0.4794479692243485
-3.2666316690791652
-0.568238498828563
-0.30827227632600473
-0.018746363930404186
-3.043024813600508
-0.1676380518166458
-1.5629950462881312
-4.626557159423828
-1.0248946051198649
-2.59013920094607
-2.4949097744972106
-0.18592588463798165
-0.6296108305691723
-1.039814526102988
-0.25788057405516446
-1.3258677855134011
-0.8864663603652521
-0.6288578020802057
-0.6205197864794636
-0.6923778914954083
-1.3650964461712247
-4.093709031899137
-0.2817857237866675
-0.07358587135475471
-1.754347531294281
-1.650984256272297
-2.120923552676976
-0.45361789669173647
-0.5284817379071893
-0.594312577608572
-0.29618391767144203
-0.7442724133531252
-0.7647871377682963
-0.2236777654444554
-0.5329366738043458
-1.2687532985471635
-0.26304739412380407
-0.12498516053614389
-0.29710818738101485
-3.0536485153484154
-9.938481551242539
-0.9494980969039567
-2.603523276535123
-1.7658639299679562
-3.4146066614356174
-0.7234454848376878
-0.6924586702284594
-1.5066391587910424
-0.45278063602745533
-0.2606093351287671
-0.32521375253796575
-1.695648720064961
-1.9160947391236445
-1.2910373253948184
-0.670469340512423
-0.25485170163600096
-0.6898089470675742
-0.42760125008890354
-1.0362549617592924
-1.1379242300605164
-0.45310565238573636
-0.28688323497772217
-0.9230502187255845
-0.9856003145297685
-0.17261207191383138
-0.4855132814630332
-0.8976749641361175
-0.9095912546038153
-2.1086227401823874
-1.3091891653746723
-0.4939204900863161
-0.5239462986647845
-0.431258351619975
-0.6861285401055537
-0.20311928822462302
-1.4693072421617241
-1.0505256002167782
-4.456638099662811
-0.17503821798082855
-0.5921515051527803
-0.5040286711131434
-0.6725145150940731
-1.843980691649697
-0.5607436136657973
-0.6080136046822803
-0.4685571040527754
-0.46879018953925855
-0.1663792857017175
-0.8076001260860033
-0.6006257007143412
-0.7021557797355006
-2.9261166522227438
-1.2096218407154082
-0.4087358102261783
-1.0598397720605135
-0.7345948161119484
-0.5361542399542265
-0.7559568265757238
-0.5858965748809724
-2.7449686569996565
-1.3847837080043626
-0.3358350916806445
-3.3388766650392476
-0.9448253163897183
-0.8198900017367892
-0.015186978590409487
-4.449010855320728
-0.6540594668502352
-0.44631611155086304
-0.46101089231521486
-0.06873301191040244
-1.7338078958647591
-0.6792372683604875
-2.9389223548995544
-9.857087625450347
-0.5127004365913752
-1.5755018520640187
-0.3566581508315417
-1.9192941536110235
-0.2757320084063655
-0.6093735434857023
-0.6928344523289289
-0.7283885472042616
-0.4673960975916737
-0.5366686497670246
-0.3744346651625126
-1.0496631965219263
-0.9566922688864142
-0.14976637065410614
-0.4743354529201747
-1.3000377124524212
-1.3478768108746944
-0.4051385625187619
-1.5978887742199746
-1.512864395402945
-0.3790502206581395
-3.5355522681958975
-0.5221033052381766
-0.91870483642892
-0.9744221658345713
-0.47454017127652565
-2.2380259720185602
-4.483059447165578
-2.401046057956086
-2.7199139341246337
-0.29652315505828514
-0.6043637620626822
-0.056134748951609865
-0.22285227008549816
-1.4515927628098255
-1.5107128957827245
-0.5598572298989329
-0.4370941948368255
-0.16984607066426957
-1.92151602283417
-0.7568095047397917
-1.3299627330198707
-1.6401937099032668
-1.04844090303933
-0.24820551001245067
-0.7819823762364834
-2.2764039639649645
-2.159985907442935
-1.7966581449159942
-0.11368990594528586
-1.3809363419316205
-0.9844130193925948
-0.8478275886866676
-3.056788293660706
-5.083517606991033
-0.11976939702735227
-1.1242893447439035
-0.6532795328567637
-8.24058323742384
-0.15730863868952746
-0.4872040464227418
-0.4285483017741921
-0.818097328225455
-0.9084438813397608
-0.3390463946451401
-2.578640560619533
-0.9307950105651679
-4.718286532376494
-0.4034532918873061
-0.9976102116692114
-0.7557213465531034
-2.1286009332062275
-0.47784275843565205
-1.019390061735157
-0.7187338418575872
-0.041930672182029935
-2.8618180470845376
-1.0401846310899903
-0.7910590623598175
-0.9209405156483214
-0.43743915618415846
-0.796780692866124
-0.563731402926179
-0.32853203869435893
-0.6892267773707075
-0.43677405867361485
-0.9952514597856666
-0.6850044507073216
-0.7195290425621655
-12.01368034408387
-10.57082940287799
-0.5696544945240021
-1.882832435830947
-0.6760132978874374
-0.8871600411802649
-0.7001184533791713
-1.0051912875338034
-0.48867778058545996
-0.7440198312203089
-0.4352636933326721
-0.43608289309944287
-0.7838435864662269
-0.8012030414376126
-1.1155407764165999
-1.3462375219599658
-0.7363082842522883
-1.5628554409441466
-0.5676898497211582
-0.2700739504390979
-0.4827437743366477
-0.41479555508529997
-6.4922130243344744
-0.24799533672185534
-2.517695064563675
-0.8137029325107179
-9.117560352462222
-2.5396840493992507
-0.33573071352870343
-1.2803197220502147
-0.2319093131389751
-0.8932170808552746
-0.8772020880207122
0.02658004325580787
-0.9972835819262907
-0.3899830233647054
-6.640212675727221
-0.49679965502118684
-0.4871937664470587
-0.5166237040819874
-1.2800418010188475
-0.17616121530716802
-0.21737775324610034
-0.710186427120458
-0.922434409779887
-2.4425757887264883
-0.7768109887986782
-4.3023613700828705
-2.921203460958269
-1.4949109614905665
-2.0682177941004434
-3.081300366922204
-0.4521173460193839
-0.5777195849588939
-1.0556593553953437
-4.685847682111404
-0.499798087128605
-0.6226125746015534
-0.5429258901047042
-1.224923819763608
-0.6437440513970842
-0.2516029608617741
-1.8394474905147495
-1.2424130560830235
-0.7427387134546778
-0.19711478458096585
-0.22071730450864332
-1.830234496360756
-2.3055508071556687
-0.3646735403523502
-1.2532174065115442
-0.5903301141651504
-0.40576035502659846
-0.5637005853700447
-1.033560337001584
-0.9969206840631022
-0.6076797963430484
-0.32554117088536344
-0.31115910311441025
-0.767846458447658
-3.5070058339501755
-0.4127023111123488
-3.0255093135206823
-6.5296527152042465
-7.02627103547176
-0.2507396452128887
-1.520478921909019
-0.8702759790230558
-0.5086298367060513
-1.0365586761953467
-0.3938111628210822
-0.8430618405342102
-4.298315121654283
-0.6029284275266754
-0.5865831332547324
-0.6678307078986528
-0.3928231614756869
-1.1501281515535606
-2.8153603033003103
-0.19887393953434498
-1.3935290459855145
-4.282535050969675
-2.8471461427639206
-0.16727575380726165
-0.7976770216962731
-0.640737338370061
-4.34640223672428
-4.254778786900034
-8.364410225613659
-0.4706718395371361
-1.1121384302775066
-0.5881079373606648
-5.548657934029264
-0.2599273227837931
-13.370226856246887
-1.5447989139423903
-0.7068207877803134
-0.22004654546420413
-0.17648308091904538
-0.4705153982121631
-1.0172381040109582
-0.449400301645451
-1.4352802247165208
-0.6938272890341709
-0.8341516401188307
-0.9561265621527257
-0.7260061001397698
-11.234568827655686
-0.5757986545206542
-0.11388846255274883
-0.47470113083168314
-0.31591240408648535
-15.216260712460217
-0.4439012527857956
-1.0340623221899334
-1.8291411442585674
1.0787144438679
1.0348233388239645
1.4968839917864118
0.8274221643805504
1.0266053903102874
1.6701761441401752
2.4806357655392226
2.3047025032727366
1.2317429780960083
0.9092547030284487
1.0059805694553587
1.0034463306268055
1.6830400261745986
1.3100583049880556
0.5772334382219134
1.4101568921153764
1.8447256363720532
1.611344834168752
0.8434918403625489
0.9292239657154789
1.2618307421604793
1.004550188779831
1.7266709937517386
0.8207671514579228
0.6624231829362757
1.0172095517238298
1.1343262133498986
1.1301405957020612
0.9839612444241842
0.9042586952174475
0.839586615562439
2.315071938047371
1.4008706404393412
1.946622179798871
0.9409387387127516
1.6976750006238779
0.4659240090328714
0.49355121453603107
1.0643946157983575
1.0778907684690924
1.2841498490823693
0.8222416923680437
0.0
0.9230023686091106
0.9726241827011108
1.2759708978265405
1.9270912408828735
1.2248030761619666
1.3567509372657705
1.47654922739918
1.28674269672409
1.0074069393532616
1.2500087675820308
1.0065289987458124
1.3841147488496435
0.9554328280037613
0.5704983472824097
0.9279144020641551
1.4174051064889408
0.9380417266557383
0.5193471398011622
0.5730220155411982
1.3510597094121681
0.8385038033305886
0.9609887599945068
0.815173602104187
0.5917009971080682
1.1380914612249895
0.903523063659668
1.4436677841796088
1.0426767237724797
1.2036907152825618
1.074645641871861
0.14936015822670676
1.0138173699378967
1.0352052099564497
0.849151457923342
0.9826905584905252
0.8813716596172702
1.1144709825515746
0.6397189010273326
1.1702869137128193
1.1734829152751172
1.035898821843243
1.2478307319241901
0.8208001613616943
0.7652831551325748
0.9082952628572624
1.081253967195187
1.1637977876663208
1.0211285324323744
0.7897700878728433
0.9883322688666257
0.8330568958211828
2.535570740699768
0.878025419208633
1.2889137625694276
0.04470146159489316
0.649696224239243
1.0894006002144736
0.5338681940122905
0.5689028621729152
0.5389313945969737
1.4988419115543365
0.3676703466896517
1.9867183839952625
0.5997962508781023
1.0189890926652918
1.52463733417946
1.1685488811437634
1.3887676185820683
1.3759365757619302
1.2122558131814003
1.1249492310765963
-0.15395471554590887
1.0736138993693936
0.6383218368686053
1.221878293901682
1.107699697667902
1.3563117058046403
0.6347850740881963
1.416741172472636
1.082735300064087
0.8877809013266013
0.9323036531506456
0.833710511525472
0.0
0.9745228360680973
1.2187223198801973
1.1461440144163189
1.2606607400454009
1.26354608299968
1.0374251142278448
1.241658893915323
1.3296282258602456
1.2067454386883834
1.697336172356325
1.5047531786064308
1.3264666392033793
1.0096526890993118
1.5653709726674216
-0.44667139394112315
1.0522628463062633
0.0
1.067861088684627
1.1185629059119053
0.9929647819668639
1.9986684787795839
2.0083497112447564
2.0153528545842025
0.4652270723519654
0.8277133181097498
0.9710517761607965
1.9547340011596679
1.2691049923017188
0.35266218091030993
1.4110103170077006
1.295301990075545
0.468559455253729
1.0630649094070708
1.440516539982387
1.564771279790043
1.1177337150419913
1.2251880206909787
0.4956520705512076
0.4670332395341767
1.4885904902955924
1.4741870604063336
0.489743223198619
0.5891675060963726
0.9069882420932546
1.1795265420099323
1.8803561303720056
1.161543117987143
1.4625999817691475
0.9091720686239355
1.0753494948148727
1.228985393170229
2.978791117668152
1.0427648519214832
2.1202691551223696
2.295247793197632
0.8995290175377135
1.248505518186924
1.128059168656667
0.40663864718846593
1.0303202305521284
1.4320435338761226
1.5861567097741205
1.3337665274739265
1.4990641175421522
1.8048036284529405
1.523958505177107
0.8380723519629216
2.1562092502911887
1.4127882690429687
0.5256981486046457
1.9840038418769836
1.0638984510623126
0.7571030313318426
0.7523815221045597
1.4177296292891197
1.1144518719251413
2.108584669006773
1.8588055769602458
0.5528372219834194
0.8184246349619679
1.732106809509533
1.4189850651488012
1.7315640714433458
1.9716149225626907
0.8920885920524597
0.28468046791525004
2.039528810170542
1.2411989564914627
2.1804490956393154
1.6252813905477523
1.2473545212194739
1.5830420187541416
1.3116122311161411
0.8649999645992099
1.2402766628397837
0.8892462372779846
1.0699574956855926
1.0476143455505371
1.9278909666129793
1.2747727262071404
1.0391824727362775
0.8053349426814488
0.9617914895216624
1.0538989305496216
0.47131765882174176
1.62164015541173
1.296932144468999
1.5040563642978668
0.7134301221643786
1.2223143478234608
1.2150468268293015
1.4416418671607971
1.2829983281154258
1.1375793940517531
0.9784677227338155
1.7405007787652917
1.1902882918234794
0.6001693816536451
0.6272863752219782
1.3955229601094141
1.153309019438299
1.9832617224925069
1.1539747525021375
1.3558579300131117
0.8974399626017566
1.5621066623263888
1.2633962631225586
1.108756383260091
0.6798982463509913
0.607246487857811
1.569842782020569
0.8128467026878806
1.3306125203768413
1.133629858493805
0.9876124165447585
0.6223573172947325
0.7885810723342743
1.4570334010654025
1.386336874961853
0.5238641699798317
1.5849194526672363
0.8964589972828709
1.310515507758851
0.6797621250152588
1.7776031446646885
1.0178872040543423
0.9116136034329733
0.7781423368302
1.0449509327392654
0.9577273883317646
1.4467928831556203
1.185059401851434
1.703017822901408
0.5094410037864809
2.050131119579908
1.1174571205420323
0.0
2.299637663121126
1.0852605104446411
0.0
1.1327123897416251
1.452676851641048
1.010671219047235
1.0541189147366419
1.2612305010457439
0.21467622382885432
1.0578375187787143
1.4444292252606685
1.1800189194855866
1.5341601708970696
0.9814151476840584
0.9162224233150482
1.7847417800322822
1.2689023484201993
0.7749157070203592
1.1383308476185894
0.9126344873354986
0.6514670694788613
0.8566118803891268
0.9211381710776987
1.302746343612671
0.5250515273486476
0.7634891120501723
0.7904360890388489
1.6945838801404263
1.9349279063088554
1.0708499087755423
1.0656509399414062
2.2522662230900354
0.9384000249530958
1.3657147816249302
0.20329406667515576
1.1359808720075166
1.3134640256563823
1.0244807120292418
2.287792205810547
1.4452908833821614
1.1771986016205378
1.1683298110961915
0.9910902988676932
1.430383835520063
1.4846544719877697
1.311904582509234
1.4662326363956226
1.7905226447192797
0.952208965898035
1.0343081404518084
0.5343233015802171
1.589246282037699
0.8015327000048056
1.368926069010859
0.739722314999398
1.0543567322670144
1.2969257263910203
1.0788408770509388
0.4118478893936868
1.295437701677872
0.8326897017984276
1.6094240520311438
0.6344701381496699
2.0709304787895895
1.4140518750899878
1.3315537036993566
1.6072924045416026
1.2033503787084059
0.6543433752311654
1.9819083511829376
1.2545641974398964
1.6745590006951059
1.60693475474482
0.9321127046238292
0.6872212454320425
1.5149483504118744
1.0305523239076138
1.1058783065750304
1.5943796892423887
0.6325635723769665
1.3621807098388672
1.4943226678030832
0.6090315878391266
1.632906875061115
1.286065070717423
1.9011823336283367
0.9165393349183983
1.166720858608109
2.1483881454543763
1.1059161126613617
1.974119498910182
1.4363988837397905
1.542970444409902
0.8079989922949042
1.739899810566845
1.492939953921271
1.1590816504451857
1.344086001831222
1.0051707970468622
0.9844986711229596
1.4993765354156494
1.4834201335906982
1.2061740383505821
1.1723877632099649
0.9713382250759232
1.1887548775463315
0.8788220178321063
1.8133988197033222
1.4919074869155884
0.8342811923577966
1.0836666890978812
0.9398133507762773
1.28218995641779
1.8939681240156585
2.4335437875344934
0.9621943776825984
0.898336429757426
1.0507948531687838
1.056218993109326
0.7118957339529972
1.292002335572854
1.5252187018809111
1.5534268447331019
0.8410095958358264
1.459748392086105
1.8512634081669537
1.0534042451391576
1.2576326716477704
1.3364878634236894
0.7911460134718153
1.726718323757924
1.1376933775297025
1.6980687889433999
0.964796145598727
1.5265012916765714
0.7885548284804204
1.3451391288212367
0.8430971923996421
3.3188276290893555
1.1442312730683222
1.211687473661871
1.6706265449523925
1.922181713628579
1.1038889340551725
1.6809298341924495
1.4686974798760764
1.3442465918404716
1.4732617221466482
0.7794474065303802
1.1675302734622708
1.0493176147341727
0.8898355127538292
0.9453707118908248
0.8850573332186239
1.9047761129778484
1.6425319910049438
1.590164856115977
1.5989011212399131
0.5752594470977783
1.7043374932330588
1.2671437579322147
1.2364591906923768
1.5782871820308544
2.291718535953098
1.4323476950327556
1.1649539804458617
1.446156221559678
1.1344011425971985
1.413683327039083
2.5143399238586426
1.6281476798264876
1.4245089523253902
1.5512088239192963
1.4377230755488077
1.3426648948297082
1.2465267408461798
1.2089903071522712
1.1873162806746493
0.8204445922042269
1.4380876870744257
1.9850011755270787
1.2686412701239953
0.5438030161468156
1.6291422907795226
1.3936814705530802
1.1908418246677943
1.7923884902681624
1.55980762387767
1.4357633865796602
1.4803257010601185
1.1428823677393107
0.7679860680939192
2.3718537980341816
1.5817593249407682
0.8465522864900262
1.3193397183790274
1.7622041172451444
1.0797463343256997
0.5864386661237929
0.5388536960990341
0.9672757926052564
1.000895886782156
1.699555337701214
1.343038426070917
0.933184102341369
1.0511561228057085
1.3044753405782912
1.5162668684089327
1.474275597354822
1.07183801605407
2.00403485695521
1.1872771637780326
3.604603201150894
1.0434683784545655
2.1754581699980067
1.060735399382455
0.7839806242422624
1.155996823310852
1.475410032272339
1.4101259418435999
1.2200488317303542
1.0598382814364
1.7714270453586756
1.533100165572821
1.0743702667862622
1.650067581070794
1.525380932149433
1.5167462137010363
1.2283042849916401
1.493524432182312
1.3770405220985413
1.657508907252795
1.2690769645475573
1.2900203314694492
1.1530597808351555
1.2323376437028248
1.119521370832471
1.7639326607563581
1.5883452747807358
1.0899356273504404
1.3604539130863391
1.2228800746110768
1.4578801147315814
0.922061886920397
1.7368731498718262
1.1144636153213439
0.9355622021800494
0.0
0.0
1.2127593825845158
1.195255994796753
1.3087031605802937
1.777342434282656
1.4102193325549572
1.416015863418579
0.8945925515961362
3.885215997695923
1.5705823244587067
1.3476876077804973
1.709571388752564
1.4728640794754029
1.2733100724942756
1.0343380059853968
1.128315360457809
1.264800869501554
1.0845904939203148
0.729091490016264
3.0561970604790583
1.563502883911133
1.3571809713109082
1.5088989821347323
1.578297027519771
1.9719674347231053
1.0111216059718948
1.8496523297947944
1.1599552849849382
1.1047309239705403
1.1594041259515853
1.8475342927226033
1.9857982993125916
1.0364937782287598
1.1819886421335155
1.349225718866695
1.0288655107671565
1.020436419956926
1.4093961025539197
1.3189387798784264
1.4462742192404612
1.3782419941642068
1.005963092781158
1.4812144440008825
1.5135761614768737
2.1156325340270996
1.2719174325466156
1.3620734475191356
1.3758128639236389
1.4488680521647135
1.4958847210957453
0.8498293819180522
1.5924305248260497
1.4254092574119568
1.6064034223556518
1.1558665990829469
1.4219959179560344
1.0219858884811401
1.2103926768669715
1.0145206555076267
0.9959287553194509
1.9261064042850418
1.4153660833835602
1.0011374651198368
1.6477869864433043
1.3568886131435245
1.5911198473991233
1.5301111804114447
1.7748153076171875
1.690059594810009
1.2032925685246785
2.0528313937010587
1.189440233954068
0.9246006032167855
1.6985806651737378
1.5134325623512268
1.2870980558167415
1.0493917656965939
0.9515121244339354
1.7206409871578217
1.5270459925542113
0.0
1.871324914516789
2.0301540919712613
1.2364265856989827
1.4770032345359005
1.3368732188199017
1.561081500157066
1.380286907448488
0.8620686769485474
2.196120262145996
0.8973196476579187
1.418004491112449
1.5144168171749648
1.2283917104496676
1.171607538523427
1.0998520586225722
1.2172203222910563
1.5089178459766583
1.6313403646151226
1.174941923038893
0.9491575873230558
1.0230932452461936
0.8013481089318416
2.12142366833157
1.5732824830781846
1.8968263864517212
2.028183490037918
3.1448731422424316
1.276309993162573
0.9976581588830098
0.952808640897274
1.3816761299967766
3.514805793762207
1.1011383170666902
1.1499008142342002
0.6766762222562518
1.457221755468513
1.8594936839247171
1.026902999398271
1.2322762229225852
1.4528689622879027
1.5291187465190887
1.346783930561932
1.2200312614440918
1.721813440322876
0.8151719536421433
1.7023423585024746
1.380683253294435
0.8853786357370506
1.1275916430685256
1.4187391629585853
2.3393527931637235
1.101912417497293
0.9229263622922251
1.934532137478099
0.9310784816741944
1.1169574711902208
1.1619499563220963
1.2133434423759801
1.311415672302246
1.6404323216640588
1.476759975649921
1.0618178136795164
0.0
2.405107021331787
0.9341285796279452
2.212000584602356
1.6389253034311182
0.9018993377685547
1.2777144180403814
1.3353157203371933
1.386719495751137
0.0
1.7577251858181424
1.0080028623342514
0.9663464920410257
1.986392754095572
1.824142297108968
1.1095638275146484
0.6000521421432495
1.374581055272193
1.4787853660254644
1.1931891294114618
1.0926573483117548
1.4813332756360371
1.3315097591770229
0.9100988319670537
1.5450879821070918
1.513733380819222
1.2519478061619926
1.317150877727257
1.7944997900510689
0.9943740570545196
1.3916555576590428
1.3423278793211906
2.7242326736450195
1.136675035336103
0.8974643090806634
1.129158036404872
1.6944716232163566
0.983590284983317
1.3591172756292882
1.234001960220008
1.2476596940647473
1.8045595373426164
1.7701531364804222
0.9216288219798695
2.10074143409729
1.4170876741409302
1.9475541922200723
1.6872353066097607
1.6202244382155568
1.3023160187846636
1.0895168270383562
1.2382943800517492
2.6328064600626626
2.208907127380371
1.382457819851962
1.4298779762708225
1.244151655365439
1.6144189984779658
1.1845923980077109
1.6461973219383053
1.9510463850838797
1.0853729863320627
1.7499288209279378
1.2543402513659807
1.3769005801942613
1.1824277538100099
1.9762921333312988
1.4626373750755037
0.9536246969090665
1.1199510840036102
2.2054646760225296
1.4914217789967854
1.1417140414515339
1.694708243660305
1.2368030816435338
1.1903524204079374
1.7499456188895486
1.0709520953584952
1.1573951611152062
1.6243235956538806
0.41926535964012146
1.6553459671827464
1.5028469313022703
1.4256514817921084
1.2459489015432506
1.1405779041349888
1.948502523220138
2.04252346726351
1.462608107956507
1.182089109574595
1.6400703132152556
0.9286645026320955
1.1303747169307021
1.1094453275203704
1.4242253055666934
1.129206189087459
1.6865761692707355
1.6880125337176852
2.59641170501709
0.0
1.6805617283372318
1.0347313915981966
3.428419533953724
1.2974561527371407
1.2616184511067676
1.6752193945425529
0.9353077295291946
2.426168918609619
1.3657159646352133
1.4557443413079953
1.6562661445473295
1.1980181835655472
1.1618615289529164
1.1570744979903993
0.7787787914276123
1.406539948812994
1.5956790480815188
1.3732124200234046
2.009464740753174
1.857900116073183
2.129671691411949
1.771691874663035
1.5769869327545165
1.0086504618326824
1.3471335887908935
0.5810798417287044
1.4397978146870931
1.4523648470640182
1.316061829527219
2.0771952197846186
1.5001825589299853
1.4620508816507127
1.1915958457522922
1.4959149360656738
1.2444404966802711
0.7623239207077787
1.8800125453207228
1.3426392125893398
1.0589051246643066
2.145784229040146
2.0710461039292185
1.76642330091788
1.091558575630188
1.0237303872903187
1.7016966276698642
1.636648573526522
1.3750558750970023
1.3599228103955587
2.7488956451416016
5.02435302734375
1.6287569082700288
1.6601912379264832
1.4148561159769695
1.3152940229133323
1.1219589271043475
0.0
1.099917221069336
0.7248485435497951
1.2668970187505086
1.4081040907509719
1.1804230042187815
1.2334430341226645
1.1394664616698762
1.192390622631196
1.2867957113748527
1.3815789818763733
2.508237979350946
1.3671966791152954
2.0300303678812943
1.2205750490057057
1.4584523057937622
1.0165408989822722
1.6528361989901617
1.4533905426661173
1.727736418063824
1.3429346084594727
2.0809752086244258
1.8437142010891077
0.0
1.7696880914300561
1.4307515559525326
1.4055438792088117
1.8938411871592205
1.3291874172394735
1.4907188415527344
1.98520715453408
1.9881031314531963
1.2424785540654109
1.4809191371455337
1.660742998123169
1.4530032647622597
1.4151171370669529
1.6010097153484821
1.288824886083603
1.239564028607697
0.9762260418223299
1.312213273162386
2.165492057800293
1.6983099460601807
2.3051679134368896
1.592848300933838
1.4315193449833479
1.5053425234152502
2.0119212831769673
1.4929938194079277
1.5731119587307885
1.6204535242110965
1.5914922045521527
1.6041472385604068
0.0
1.5780889987945557
1.23218280551918
1.402978922499985
1.2541446020436842
1.6431600680718055
1.7904070642861454
1.4918789863586426
1.6626377594776642
1.7699560899000901
1.5857128019386766
1.2836820742048591
1.1420319931847709
2.0387791224888394
1.1708976318096291
1.5196301409831414
3.075018466706295
1.7399227561720882
1.3533933623378496
2.175445005811494
1.7019943594932556
1.7103190643446786
2.112213815961565
2.6608200073242188
2.16188930613654
1.6047457456588745
2.0663739272526334
1.7627654009395175
1.8019884701801523
1.8294576362327293
1.231578295924274
1.9859443206465646
1.5322681955389075
1.8832366564502454
1.7076018520237244
1.952857247988383
1.3987521873527313
1.2832998888833183
1.7244024290981521
1.4181069097670902
1.6017506789352933
1.9915429375086173
1.2339513334963057
2.1193781823528055
0.915030658363821
1.5642491251348973
1.4595131123507465
1.564428430445054
1.5206840372922128
1.9106131610814592
1.8502089165121436
2.0915489196777344
1.3916030781609672
1.9157551068526049
1.3441990694676738
1.7927718379280784
1.963872528076172
1.5582758569717408
1.5448375603427058
1.617503632517422
0.9033812094494641
1.5840603510538738
1.5520102858543396
1.6024373167439512
1.1268068229059773
1.6170429438352585
1.748718750115597
2.0396398606339123
1.5917417340808444
2.738370895385742
1.4617637821606226
1.0968054103186407
3.3665438890457153
1.819410952654752
1.5587060446758194
1.445136819467988
2.3195254531773655
1.5042664210001628
2.2100555934754027
1.5688572960930902
1.7435638331899457
1.4676521389107955
1.0552008671638293
1.5521186071893442
0.0
2.5611612796783447
1.0340843730502658
1.2787021398544312
3.160451978445053
0.8037513054283967
1.8839332670329576
0.0
1.9160507520039876
2.4778140783309937
1.0711993203457608
3.0100326082146025
1.8493074073067195
1.7304448212285441
1.402859836532956
1.8675634131287084
1.756951948086104
1.8132441033210074
2.0281872391700744
2.403902301852335
1.4458928008478475
1.785145086400649
2.217132294619525
1.3344402379459805
1.2291965275646681
2.1412108386180315
1.9258255416696721
2.188623380661011
0.9789379279748852
1.2227908770243328
2.279028274710216
1.7163721493990773
1.42263708266604
2.152326396533421
1.907395362854004
1.4704397491046362
1.668134517967701
1.3482859272223253
1.9271147512344724
2.6462889512379966
1.6486648519833882
1.983938604593277
1.1473322663886614
1.5856381499249002
1.2994365433851878
1.8236881097157795
1.2883804793570452
2.0825102103264976
1.2691235171846185
2.0527767189945356
1.6558605335148207
1.8513334724638197
2.0063224057277362
1.4573124081964988
2.125568469365438
0.0
1.4104604650946224
1.0969661076863606
1.7600804174200018
1.6494092808829413
1.5417858250935872
1.0534006758515104
1.8051013708114625
2.262234015898271
1.8150080630653782
1.6633411617393037
1.5949351134365553
1.6019171476364136
1.8734647280130632
2.261850291682828
1.4263764023780823
2.2306110535637806
0.9712393456008804
1.3876228729092268
1.278584336362234
1.4822620579174586
1.3326552721608682
2.057226846694946
1.3709200138456366
0.7419071757935908
1.973640773607337
1.1247415457113805
1.6390658372426887
2.151314015407486
1.3592692590227313
1.9112151695403041
1.5610035600890202
1.3849348407645412
1.7445282538731892
2.729332719357486
1.7727878620900006
1.2363622585932414
1.693632876730535
1.7253355358829017
2.231665943445784
1.4812605851199998
2.1607593297958374
1.05553808857183
1.112614117770556
1.3972363357999886
1.8078888218577316
1.2469948278480316
1.5899127456876967
1.6675505288561483
1.6923404637869301
1.4453537785089934
1.0860882451334797
1.750041941907954
1.85091355519417
1.76602441072464
1.6023799030467718
1.5324016993807763
1.9618271482842309
1.6547803437268291
1.8061653622265519
1.444606816067415
1.6890423003538155
2.143855039889996
1.7359901328881582
1.6629256105043024
1.7895774043413748
1.3760449928896767
2.019369661808014
1.0380882855311808
2.01880888681154
1.730875626588479
2.025440415538165
1.4699458200484514
2.2829429626464846
1.7974976698557537
1.8805743105271284
2.090181170883825
1.2511044566137381
0.9799496056549103
2.271724161348845
1.4896554016485446
1.8557976749208238
1.8738282114267348
2.903070111673667
1.1905404837482954
1.3996634185314178
1.2413238495588304
1.2143262528456173
1.7249360826780211
2.013794270428744
1.5123652438243547
1.4179819027582805
2.094419736128587
1.3114447116851806
1.2599890061108714
1.2454230495658054
1.907340563260592
1.3201748602893724
2.245867187068576
1.2957676206316266
2.42452871799469
1.818197250366211
1.4195626678629818
1.5812281792857257
2.3565803368886313
0.907180146376292
1.67440772531517
1.7878382603327434
2.227598190307617
1.3498267847228336
1.9646488087517875
1.7220308482646942
1.3184033198790117
2.5223823388417563
1.194727648539372
1.8571290969848633
1.6452081203460693
1.6375477761030197
2.107079383098718
1.681224243099471
1.56620759935493
1.3650159261141166
2.3596550919970527
1.6326853944294488
2.1575451578412737
2.0476331666334353
0.9695219731330872
1.9457077186896032
2.0302832094828287
1.7330224333387432
2.0258119459505433
0.9827023977186622
1.4288631530396967
0.9410358489272129
1.8575307986675165
1.2369353679510264
2.518458175469205
1.3965572504436268
1.6339463000712187
1.4259351026721117
1.2862210333347321
1.8091672510548211
1.22144497751695
1.7404249932739762
1.6001240381827722
2.3315842946370444
1.6251583841980481
0.8532986781333547
1.8391939401626587
2.30823154539701
1.2686634567154356
2.012280454238256
1.9700382550557454
2.362524235790426
1.9484744668006897
1.5191246645332988
3.007129666814766
1.2977540436018986
0.0
1.4826410396679028
0.9489437322692568
2.3499512672424316
1.6637182373449622
1.602312085116923
0.8771034495764045
1.6787557744409933
1.509454595140252
3.2760549505551655
1.753091220672314
2.1012539519854116
1.8011930187543232
1.9804953336715698
1.4742369793429233
1.1209788620471954
1.1227319482713938
2.095595896244049
1.7399115846270607
1.811619399541832
1.4854386573407188
0.812321304146987
1.6278625290568283
1.6866259490939932
1.6289357811331273
1.70312080487787
2.039003500862727
1.569681251191523
1.9048150897026062
2.22238650004069
0.998023237500872
2.0902648968032644
1.4960711261500483
2.3415884971618652
1.5684767011627259
1.4194663836974506
1.2485271394252777
2.2683695356051126
2.1544724873134067
1.5646499991416931
1.5559299450471582
1.2491698713891535
1.9227239800536113
1.9038098547088198
1.922463758058282
1.907501811050324
2.4836057315309685
1.506422770925727
1.2169309218724569
1.313070386648178
1.2513098711986466
4.925423570438824
2.901860031714806
1.5400589221999759
1.1162315209706624
1.0192520785557322
1.925054931640625
1.7638188380944102
1.4095874010804166
1.8518002033233643
1.8873622338726836
1.9936609506607055
1.7685890520711345
1.406437863391709
1.4314993833640657
2.00886407031481
2.0846998967022534
2.299869956970215
2.130305158680883
1.897788808743159
1.9162618836311445
1.0097069768791656
1.740585825272969
1.2050599194302851
1.4850571922572011
1.9748974411111129
0.9711529170849409
2.039795505098138
1.8295552707412868
1.918770980834961
1.5053922653198242
1.9123323606641105
1.589466882603509
1.4659589131673176
1.6848712762196858
2.1221595287322996
1.2450615167617798
1.3876636940755962
0.9181413650512695
1.8302710569237333
1.5863820711771648
2.4524659785357388
2.6075592637062073
1.4927703084015265
0.3546471310356461
2.0129783120420246
2.0101445242762566
1.2684767554315288
2.2656574001559964
3.1754940960505236
1.6142333463368663
1.7292845458148485
1.3527646610936321
1.5190722143527158
1.5138683050752162
2.0191717759156838
2.2031524554542874
1.4632840487527183
2.1416692887583086
1.5491920849856209
1.391615452519451
1.2632564355587137
2.272791656954535
2.3669379353523254
1.2626175626795342
1.8374309062957763
2.2662850813086766
0.9880258321762085
1.4023960835403866
1.405731370783897
1.6918589702019324
1.3564424158567452
0.5246742366853938
1.5077587803204855
1.4769568315574102
2.2944853431300114
1.9382678095636696
1.4433725653272687
1.9093807765415736
1.3829764778395572
1.4132657791006153
2.1803432032465935
1.494129293468369
1.533666354638559
1.0865418367176891
1.7845580988916858
2.2263114750385284
2.264196755876579
1.9948744508955214
1.659447090966361
1.4055396610835813
1.6841444513237334
1.1959999054076662
1.5685298113987363
1.413861369714141
1.487845949442738
1.723879440895562
2.647017188694166
1.5439541339874268
2.082201285795732
1.1912605757732315
1.5339536139689594
1.921196663379669
2.19804908247555
2.3992572294341192
2.158669185638428
2.6490116119384766
1.2619684276827778
2.1207959800958633
2.2852505842844644
1.8366821350120917
1.1867777964033455
1.7147825956344604
2.3092401914818343
0.9124519675970078
2.2649596674101695
1.103348008427487
2.1474615060366116
2.2769310229863877
2.3771204590797423
2.251959618769194
2.1562751560676388
2.5190004675011886
1.0450965221971273
1.7231754306563758
1.812236123614841
1.7221346602720373
2.0986389051000756
2.455818163721185
1.4819860216155945
1.4625951526341614
1.665665996702094
1.8659419389786545
1.8102388273585925
1.7682880761613884
1.4935116530414596
1.7735515236854553
1.9297167171131482
1.516469379266103
0.8808244191683255
2.8388904961910875
1.3741362690925598
1.5721817773122053
1.160991265479312
1.8356953954316706
1.7615201919677248
1.6496400928497315
2.387824386358261
1.3474901914596558
1.9420557069588467
1.8004706870037246
2.027483510971069
1.9358243680581815
2.474711903098489
2.3131962517897287
1.6585904312323765
1.8265701293945313
1.756245225325398
1.8821659895681566
0.9643945397358935
2.2950975596904755
2.818721669060843
2.1080090058477303
1.821829410663164
1.7272532298014713
2.6989042494032116
2.5827260954767213
2.418277366956075
1.5377463738123576
2.898200929450076
2.240544468164444
1.8730982490552224
2.687966231887919
3.3207261426108223
2.9027981694750613
2.1883561215131384
3.4183551982297735
1.9966904728911643
2.2021404698837634
2.5125849817282337
1.65518044276887
2.489664375782013
3.247953414916992
2.190461730640196
2.3728695298140905
1.5668423484353458
2.2022821756258404
2.0775768733103805
1.845687362882826
2.256477826171451
1.633298740038444
2.391647609761387
1.6215311649233797
1.5257613537675243
2.1501695014643327
1.6938714700586655
1.737326775674408
1.5696577125125462
1.6099899195357414
0.0
1.1983550184984937
1.4214379315106374
1.3958036879764444
1.2582138483706502
1.8682921217921564
1.3677458485891654
1.1631799710549389
1.587924838066101
1.677037210163484
1.0829520562162431
1.3493887157325286
1.7156168663338438
1.197767138085096
1.460903143169872
1.5148770941628351
0.9374594791387006
1.554235617319743
1.5827792103299623
1.4940970688563249
1.2947869359566073
1.0481368112564087
0.5272712102933381
1.4631627485205565
1.2254858314000887
1.521944456428062
1.2998330528380104
1.7451487625160091
1.0050521955339615
0.9442124194481049
2.0356199741363525
1.5564122044521829
1.2846226921905315
0.9502095801489694
1.145063275420988
0.7917526988096015
1.2664925208519464
1.7497529745894016
1.6058549284934998
1.2142830431461333
1.2592581785642183
1.0994104483594926
1.7451402392498283
0.935744120631107
0.9771057323759973
0.9253133763110519
0.6949862105109763
2.32515025138855
0.7592487521051021
1.7320461740525457
1.4944396648692133
0.9178689064773611
1.726762320512157
0.7613711068504735
0.7012315727770329
1.4364017142969019
1.5033836150882252
1.111466256090969
1.1806287341647679
1.5636051978383745
1.3085825496380872
0.8559870125843441
1.3333507857080233
1.752173411093677
1.3260182197703871
0.8743654974671298
1.5324357748031616
1.0717557665299287
1.4767065093202412
1.3379732580279986
1.532672259102628
1.4501913156224249
1.4684258390875424
1.2482780768321111
1.1199719831347466
0.9831666265215192
2.1715643307258343
1.059169600770323
1.4310520472518629
1.5040748381515756
1.6906951379317503
1.3813899574857769
1.4106833229602223
1.4176773440798256
1.3357212543487549
1.9453868227345603
1.2949038450900106
1.6779910718087738
1.1130437092347578
1.8874797955699933
0.9375477373600006
0.8281476832307454
1.048494954441869
1.6601561663662576
1.3778611682974222
0.6467737255500401
1.6978190776913664
1.5060200644777966
1.2336967470637983
1.7187523570391212
1.3908021398006924
0.9753461276177948
0.0
1.2815188407897948
1.3679283618927003
1.3737309128046036
-0.04895157230850866
1.66185552544064
0.8085435628890991
1.4431546155144186
1.4399289113503915
1.0032706688432131
1.3681574343050833
1.164672469550913
1.411113704470071
1.4972789416830223
1.138343436377389
1.0549506886491498
1.4264507566889126
0.8109090675745295
1.94743988249037
-0.07331963039414827
1.0882502535739578
1.0493488252360956
0.0
0.9846091985702514
1.3592315741947718
0.5315967152516047
0.5914617128843485
0.8210888245573076
0.795548507145473
0.6787066260973612
0.46903602878252665
0.9096389565356943
1.3160497632893648
0.6562084694241368
0.6903135163345556
1.0906598503525193
0.385804364915754
0.6606948267329823
0.4123630990023629
0.491598566505204
1.3170917220413685
1.539276779688078
0.40591014481066073
0.5409780144691467
0.712619490310794
0.8446751594543457
0.8202172523717152
0.6412491981799786
0.4359083884825738
0.522205861254388
0.29583245436614536
0.4094303273580399
0.45403027210546576
0.531637733239074
0.7263503334738991
0.5915812910395207
1.3776765899404735
0.8102910793744601
0.10351092123312015
1.2190069777624948
0.9639027270403775
0.8736123072134482
0.9422626594702402
1.3297992025894976
0.8871299443822919
0.7730246492334314
0.7674119699568975
1.2168567470915905
0.695735079901559
0.8975152369203239
0.35448137061162427
-0.041087371417850356
0.8246499010034509
0.6226233929841225
0.8805798805993179
0.7074640856848823
0.9207579200550661
1.0783525578603397
0.9939580777796303
0.6852385675986343
0.9609458727969064
0.0
0.5410261215561648
0.761995994495197
0.28698152905187735
0.3965982245250398
0.3837919290180618
1.1730077108275454
1.3225680545649745
0.9252913689296507
0.5415283566090598
0.7726616584337674
0.4320081796410472
0.3427130366332111
0.6214234996587038
0.8160336679882474
1.15806896175657
1.9734656512737274
0.6919935178321065
0.9458127580211804
0.5842326641082763
1.3072795440192237
0.0
0.6418089997332753
0.6195176629459157
0.37743597227671616
0.9427299027857573
0.9319431400892646
0.5113985375361981
1.091357685686127
0.6559768191405705
0.6227754596558917
0.3509556831563034
0.9231524205789333
0.9572162905404734
0.6577619093435781
1.1748441775639853
1.1971303078027262
0.47024423256516457
0.0
1.1147502348973202
1.1273895053120402
1.212897260983785
0.9561653174831226
1.2194143569830693
0.49620775467533607
0.9054807061734407
0.8272907733917236
1.5035197548692012
0.9554515288722131
0.6197733557798538
1.4134711209325694
0.3923015438044982
0.0
0.5657369153840202
0.4903813650293208
0.994353453318278
0.9595333841485036
0.35206873821360724
1.009865101306669
0.5340375667592616
0.9724251754008807
0.8533740416169167
0.7790066862284247
0.775369949490327
0.5900122609447404
0.565863277131933
0.7068297528534484
0.8579067954650292
0.9248903044338884
0.9594524483832102
0.9519746238138618
0.8315764904022217
1.5003295247043882
0.9596711184786654
0.505441753637223
0.5019414463510545
0.7056907097564583
1.201371512737781
0.9653753888222479
1.1047085920969646
1.1886441346370813
1.1270645640113137
1.0224301181473099
0.7768899103005728
0.6385078191757202
0.6209449166551643
0.6520212917100816
0.6710298626046431
0.5316833855701839
0.6327384213606516
0.6147552114660756
0.9212351040406661
0.7505758717908697
1.2396057626979071
1.3241013139486313
1.062227375087548
1.23566468556722
0.8777679607843273
1.0733286916595144
0.6422476594234225
1.029886601595861
0.9576004005613781
1.0813684624930222
0.6633422136306762
0.8394251320321681
1.2413177309614238
0.8140998698548225
1.5097801563067315
1.0031799839602575
0.8749922550085819
1.1420552145760015
0.7862096976402194
0.889845073223114
0.9223106823292285
1.4939658045768738
1.2606660266255223
1.6568073272705077
1.4146965091878718
1.0227543862897959
1.0930784185727438
0.9746359227195619
0.32817991971969607
0.7302236780524254
0.5029693286234754
0.8424246311187744
0.8833000705969379
0.9650317311286927
0.5649802170950791
1.0532911849278275
1.6030070049026084
0.9174594905641343
0.41987310374694015
0.7187008372572965
0.6956236110283778
1.3084831833839417
0.8454256256421407
0.7988295562565326
0.624981164932251
0.6852519259079548
1.2325488783419132
0.9728058538739643
1.1684088835845123
0.7678232703890119
1.058890098353161
0.9397525462237272
0.8256626007306641
0.5707348373137127
1.1486167461360426
0.7228789668191563
0.6730638437492903
0.7594539505062681
1.3882981061935424
1.0443233307276931
1.4347430760678264
1.1548898752741639
0.5343760233842024
0.7398681425771048
0.9767919084527991
0.6092158559944939
0.9153545762217322
1.8787914514541626
0.08845888489108546
1.3922658350776596
0.7963811301666758
0.555607279141744
1.08721883893013
0.3773399293422699
0.7428866455584396
1.1878353226620493
0.4961112992485298
0.825819194316864
0.7285008458864122
1.0668185816870794
1.1823537692338406
1.8247635608528092
1.048768489591537
0.899220661840577
0.8009897610720467
0.9010804079232677
0.9902325620968565
1.252561867237091
0.9483656730916765
0.8740944394582435
0.9122135412125361
0.9449711182584795
1.306629944931377
0.6670751628834147
1.0193288661539555
0.5837864518165589
0.9696887110670408
1.0942562184435256
1.8666446208953857
1.4290045215969993
1.1130424646230845
0.7143487396628357
0.7607116575207425
0.7605655874029742
0.5395273119211197
1.0799310069817762
0.8825411606468632
0.04633464342434937
0.7107222326218136
1.0844173975932745
0.9913613437814174
0.758141563488887
-0.19215557343044945
0.9281698199997709
1.1002080294550682
0.9693200274517662
1.639078398545583
0.9508838338010451
1.0368527995215522
0.9178200538565473
0.3687439357362142
0.5816161919669851
0.9303612150251865
1.0613631619963535
1.1318128670637424
0.8719451956178659
1.1139198314575922
0.9009501039981842
0.7236214735928703
1.0566409794595155
0.9219984531402587
1.303694764773051
0.4845073988964391
0.747970461845398
0.9373748163844264
0.6753212632332926
0.666531607320037
0.0
0.693462586402893
0.48039563173471495
0.3540020221689611
1.3058287037743463
1.1359530925750732
1.1116611165461747
1.1241823526529164
1.2822514772415161
1.0829354949193457
0.6309993964097033
1.0442656190307051
0.5446733211560106
0.7433617139773512
1.059383137151599
0.7997859945130903
1.359167392878609
1.3427693529893423
0.35380209816826713
1.1389703527092934
1.1414314558808232
0.7081470764600314
0.6469456851482391
0.9045833828402501
0.9768190830945969
0.8871716431209019
1.2005826830863953
1.1558951669269137
1.019531858464082
1.1505766077475115
1.1038052243647782
1.1705005074089223
0.6924274056046097
1.1740442071846144
1.0762258670101428
0.94273686876484
1.2434425698562317
1.3469146664937337
0.6143986052936978
0.9606595960170328
1.0217792150190106
0.7724572312149961
0.0
1.3592730616078232
1.1399391582517913
1.3356214463710785
1.3159493786948069
1.1461069020960066
1.195228047992872
0.9227473139762878
1.0813477815583694
1.2349517966310184
0.9577944149141726
1.2840942544398515
0.9485011657211075
1.4728915203701367
1.02365595656772
0.9529803723987947
1.25903804951728
0.8438785442482197
1.0233609229326248
1.308292719612882
1.4119080580197847
0.6040720873408847
0.9737034459842796
-0.18798148550365454
1.1301933285735903
1.0818231026331584
0.860805608029735
0.6577714384344725
0.9807169692129152
0.7818875908851624
0.9236784654598299
1.0457204386245373
1.0854625614774585
0.0
1.0513466688302846
1.2295899987220764
0.8432469771945992
0.8829438642757695
0.8141218621865459
0.9992797036428709
0.9817917825672714
0.9362147229498831
0.6718455822237076
1.1877900825386427
1.427036002278328
1.0174119179366066
1.193954093316022
0.9041355523196134
1.1344449456020067
1.0451018830477181
1.1677444310564744
1.060185512374429
1.253973414402197
1.1663274086754898
1.1589225769042968
1.3595100488418188
1.219805359840393
0.8493205308914185
0.8794821500778198
0.991992363700043
0.9153847336769104
1.016097116470337
1.1317409550232744
1.0476251681645712
1.1259516782876922
1.0736579638102959
1.0496175993572583
1.1834841586426643
1.220686870555941
1.0748595396677654
1.0524177535427766
0.9719247562544686
1.380305156988256
1.5995534071846613
1.0205997288227082
0.9352552492753216
0.9231534725741336
1.4473807613054912
0.8867938915888468
0.791548451315921
0.9308948516845703
1.5330085505496014
0.9451843670436314
0.9825751365617265
1.0111921011807514
1.0945018089569367
0.8420190016428629
1.2768259593682696
1.3186231788836027
1.1884050634172227
0.922052853131215
0.6426957891537592
0.9716174067191358
1.26781967852978
1.0064177976494215
1.2431775074738722
0.8517704425856124
1.0418000236153602
0.889895671625866
1.0486386070003757
1.3272973895072937
1.0373205864566497
1.2559956446937892
1.698609709739685
1.167398550729642
0.9691584467887878
1.630743096614706
0.7453272631794116
1.6290417219463147
0.9661543795040676
1.3141372038258448
0.9992986631393432
1.0595528506315672
1.243639054092458
1.2666306387294421
0.5535013543014906
1.0141097257534664
1.0728235834776754
1.3323975542317266
1.0823969531517763
0.8639853477478028
1.0159495233301308
2.4805986881256104
2.028928912111691
0.7146780940385355
1.02616677807019
1.4316275119781494
0.9522745929738526
1.0831548523258518
1.3806069627884896
1.2215093049136074
0.9212396230016436
0.7301292430336882
0.8487275502620599
1.2782655954360962
1.2787768840789795
1.2348385246176468
0.8565505687580552
0.8750003576278687
0.9173970869032003
0.7845971034808809
1.3939556575590564
0.850810781121254
0.6483200855825431
1.093840564799121
0.9893136804682076
1.1701782214641572
1.2693765828775805
1.4163176530223351
1.1046864890283155
0.9117215172792986
0.8695737186231112
1.4197651789738581
0.9989357948303222
0.7450207471847534
1.1016237108018312
0.8761268332600594
0.9512372343643163
1.107500814256214
1.823470950126648
1.0413429661000029
1.0862268046899275
0.9834582912565466
2.084299087524414
1.3383435249328612
1.2697179794311524
0.7891587660862849
0.8277071462913209
1.0317448128101439
1.3662250141302745
1.5953017031704937
1.1061464736231934
0.5796211808919907
0.8136538938681285
1.0738167826123413
1.1783471326033275
1.0874596019076486
0.873019447693458
1.1671512909109807
3.967142803328378
1.2870478116803699
1.128319109397077
1.1346730291843414
1.2896868560797352
1.5346826536710871
1.1714729535870436
1.315354333605085
1.0876946076998284
0.9343672214552413
0.9869742439024978
0.9331594986915588
0.8936592712750863
1.024700437273298
1.147332682562033
0.8132956724900465
1.0834968447685243
0.8931576225448684
1.2070371771967687
1.0010307839146484
0.7426941394805908
0.7069238093164232
1.0909230023622514
1.7618843096273917
1.4543931020850756
1.1033005170200183
1.02877896130085
1.9521583199501038
1.0647246996561686
1.160534635334712
1.3846335232257843
0.9380974173545837
0.9170807407748315
0.9061418841866886
1.3036139057828235
0.8317103346320878
1.379805598258972
1.978282888730367
0.8473645393238511
1.5285440172467912
0.7744415233384317
1.2103767286647449
6.255215167999268
0.7750136256217957
1.0120564612249534
1.0403942784217939
0.9046480643788841
2.256005883216858
1.0807202185193698
1.1233838165507597
1.1898800375369878
1.0177957356174128
1.1297334131608374
1.1976447759136077
2.2694431722164152
1.5660110852297615
1.1282855972647667
1.2425682821939157
1.3135738863897481
1.0851789039630826
0.9835530519485474
1.7060282648224192
0.9586241543292999
1.133226825949851
0.8998541144224314
1.5115806996822356
0.9970955975427976
1.8254460096359253
1.0642947405576706
1.3748393654823303
1.1298233947238407
1.2892164990708634
0.9154649618509654
1.202156885517792
1.3308283522211273
1.0007955150746823
1.569682240486145
1.077205780029297
1.04402649363014
0.9885663221840842
1.02049636048732
1.4867608547210693
1.3079036474227905
1.1545739497457232
1.2953282963421384
1.2079075697140815
0.9141731764140882
1.05073381171507
1.1132253371671432
0.9467564928175207
1.0095988832754532
0.9259536290168762
1.0243417705808366
1.636205972943987
1.2842531397535994
1.051358572194274
0.8875298613593692
1.43733764778484
1.243450868961423
1.1685162994874085
1.1301168733172946
1.0542579913139343
1.5218286284481186
1.4564395348230998
0.9167331254165434
0.8014320463833223
1.4825246999430102
1.2529794129919498
1.1379921788519078
1.1267716368039449
1.1360811288174602
1.0912963080643816
1.2250754356384277
1.093961404011495
0.9971796354384121
1.0606958426927264
1.4869009686298058
1.152824613355821
1.1773763938599646
1.061884526992557
1.0652543577640952
0.7252804487943649
1.1640668250620365
0.8647342771291733
1.142870454788208
1.1647304842271
1.1171899859691379
0.9577064071382795
0.6750085353851318
1.1815189892245876
0.9996394244107333
0.7028892134313172
1.0651432411580146
1.9319965839385986
0.6203792731825299
1.2210293390132763
1.0480236246736343
1.4806277484036563
1.3706757151163542
1.2616207580412588
0.8542828884631692
1.232539627287123
1.2188547054926555
0.9996221513051131
1.1373285055160522
0.9899001698340139
0.9315335723486814
1.2610237014536956
0.9725755569942766
0.9156480022406174
1.5157393217086792
1.3435909897089005
0.7842990120879043
1.9399885815936466
0.7288857642746843
1.0099937915802002
1.1463576087764664
1.6928900894911394
1.3922670523325602
1.0707611090996687
1.0595235749336571
2.06887531822378
1.092866493595971
1.534366694707719
1.174356038371722
1.721702252115522
0.9743191202481588
0.9190960473027723
1.247336520309068
1.344931619507926
2.1056101322174072
1.3024196152885754
1.264675137339806
1.5101565912712451
1.117162537574768
1.2878161769768723
1.1594951498335686
1.5404859855771065
1.0488491971231377
1.0544892818824794
1.5134277013053135
1.082552464499426
1.1121500771621178
0.9543303791866746
1.212619355548656
1.6902461392538888
1.20927354991436
1.1593236243853005
1.1524000735509963
1.0040050347646077
1.0083777007470496
0.8778231382369995
1.0609005392587858
1.0536509842242834
1.6243350167532224
1.4003904564627285
0.7307511530816555
1.893830418586731
1.6938665770237742
1.4227226575215657
1.1424522302089593
1.2985777518281905
0.7936718609868264
4.764100350414796
0.9809264603085542
8.814212799072266
1.3314014598727226
0.7200251296162605
1.655445749943073
1.0324841933789046
1.0253781080245972
3.5097874116897585
1.1458373107016087
0.7543690066995019
1.1019640946760774
1.5776468873023988
1.505311049264053
0.0
1.439905936901386
1.2825765417969746
1.3765425293944602
0.9972243116939583
1.1067130006089503
1.0443387341499328
1.2339422821998596
1.26856889128685
1.48891484618583
1.3912868757184558
1.024058269129859
1.4876925584041711
1.6801895526322452
1.1994227226390395
1.08565611835334
1.468701159658511
1.509860546965348
1.1426233350240511
1.239115232249035
1.349145457858131
0.9704973729345886
1.4677154442359661
1.097232656963801
0.9096157004435858
1.2241487659906085
1.32473780269976
1.2898584002276197
1.6041381114568465
1.2708070596059164
0.7587930417536105
1.376226455270254
0.7629673721584371
0.9908605865465843
1.4526218324899673
1.484143567085266
1.1318001111480485
1.352111307474283
1.3946084704315453
0.9945542867793593
1.4447514832909427
1.0386199686262343
1.1722817288504706
1.384954385979231
1.4510814002219667
1.5007232580429468
1.1502348354884557
1.5253643158710364
1.227274021277061
1.2418931092930792
1.0267959237098694
0.7843466997146606
1.4713083340062036
1.4166764884578937
1.5304484963417053
1.3537169780050005
1.0210465843027288
1.075278978137409
1.085425357023875
0.7091751098632812
1.405471398465095
0.7576536726317928
1.3198607197631633
1.83790209558275
1.832331237338838
0.8967181539218687
1.4006979483366013
1.4788221833713824
1.1510760910883298
1.1935645219607232
0.8055973510409511
4.080200485480848
0.861987276924805
1.2714181045691173
2.7525680281899194
1.769425071147551
1.316471326978583
1.3541148508902008
1.6617502915231805
1.1658857543999175
1.5499768356482189
1.411535629412023
1.293587484010836
0.8841458883916222
0.8430487314860026
1.8032867754950668
1.0880876411710467
1.3630613823269688
1.296793513181733
1.1524303674697876
1.4558891206979752
1.582010805606842
1.2469423810640972
1.2595435480276744
1.2045558643341066
1.4096270396902755
1.2298118472099304
1.5118186333600212
0.7779173731209827
1.1489647416507496
1.0378426313400269
1.5059358729256525
0.6022856315703091
0.8919519507805771
0.9495163295554164
1.1754912634690602
1.234431274731954
1.1005932721826766
0.8862443776225727
0.6736204539026532
1.6791580052752244
1.5309752115726074
1.3697374993461673
1.1607015663603215
1.152991221790694
0.9777058115206569
1.2023969427295698
1.2630121509234111
1.0858677116739393
1.1693694882614667
0.9862131524917691
1.0402674155088247
0.1486020510477877
1.6181710117359451
1.4560835831093066
1.1519410654350564
1.2710361955965872
4.191825825510627
1.2195015829436633
1.1727072568166823
1.1768287372747528
1.2634435604358543
1.2513469556967418
1.2193463865448446
1.7086289709264582
2.0894259392621115
0.0
1.2586145955462789
2.0576134100308847
1.264444892984688
1.2160460295471243
1.439918864157892
1.3052396800034862
1.2340526392585354
1.318626840909322
2.1645348508926956
1.6393598747253417
1.5254950021442615
1.4136112603274258
0.8901292766843524
1.3817543258698675
1.5108395480238321
1.4376232837375842
1.487489307180364
1.2704035357425087
1.5461467567243075
1.7934009688241142
2.0689953951477316
1.8146071434020996
1.2048643217530361
1.3408643981547055
1.2569311307925803
1.3641783396402996
1.015454348733655
1.8644355197011688
1.0048152305359064
1.2762580900861507
1.3232758010643115
1.2582006032650288
0.6737351842298857
0.38413412453130236
-0.16446212869743967
0.0
0.3701768807368353
0.03330173546617681
0.09309922060385574
-0.4483058313495693
0.2451571431316313
0.058352313014898405
-0.3284516590724752
0.1564357627583089
-0.3816892992418546
0.15984075766465197
0.40582874259062574
0.1955228371923152
0.34513315325757593
0.5796723621232169
-0.11357479821890593
0.20774618536233902
0.3201652296765923
-0.2644353653752923
0.2360897127227111
-0.02151157667762355
0.6313211679300095
0.8869467610588659
-0.24177412639226628
0.4437275794257357
0.18733557491075425
0.574805626154539
0.8209585376128465
0.44033831924794126
0.6092356083004974
0.6948432543245303
0.6190401416680346
1.0344111490592682
0.984643167831573
0.6716803589780069
0.5578304667805516
0.8072919319832443
1.4020319990937495
0.8306158166943174
0.5385803204368461
0.7441080929432993
1.0940769203563234
0.6758461800282416
0.8509364825613955
-0.05347744207044214
0.15181149157610807
0.6788314036254225
0.6421104788384169
1.057997323943927
0.8988731958460613
1.0984027431256747
1.9322817337109848
0.4739907455949292
-0.01650568271099135
1.2120457861481644
1.3537213698677395
0.8547884272290515
1.4048607161170559
1.6938325127097855
0.40103417775210215
1.1061273254825428
0.2800705479948144
0.6635007361570994
0.1942965958354085
0.5899007253698494
0.935589910849281
0.9369221850445396
0.9964696633261304
0.9343454294566866
0.7358122426162527
0.8748390513815378
0.0
1.1009456655907868
1.3760456276494404
1.470494689339419
0.9447470019228038
0.7148524581940467
0.18167656329630616
1.4069016739245384
2.5979320041067973
1.488315451992014
1.248620317921494
0.9087709231881906
1.3583562512006333
0.6652772665023804
0.9083108699970166
0.561755625423321
1.8397405693928401
1.323650770717197
1.6017716253505034
1.1122907723699298
0.6662865147192613
1.2404910198712753
1.5987849477287772
0.894742859948066
1.079521007316057
1.6625271514058113
1.318695008160664
1.6763891811987655
1.3422849199988625
0.8809062447256715
1.6178712746418944
1.616511841139725
3.3451023390798857
1.2089502845491682
0.6205785555201907
0.917970381991964
1.2565833387902863
1.5291262063304936
3.1764447649451983
2.0738162911215494
0.2119658603472171
0.5743508848591127
1.8301253472765286
1.4361080917409093
1.1620210589364517
1.0916990179946457
0.8981711601927167
0.4374293133220403
1.3973110813205525
1.9269316826875393
1.4744074590242089
1.8231234985239366
1.2705681626001994
0.9508905938038459
0.9685610223103599
1.1314530544556105
1.0792989172412708
0.38813737956858474
1.2210204815151684
1.5669429436237854
1.0596146514176061
1.2793229204475682
1.4052521310424884
1.6604962827602647
1.4016573499692113
1.6663614013692836
1.811198354163439
0.7278871176266434
1.6216792709892616
1.5690722754627366
1.529923591133836
1.6777728253424762
0.7704647183418274
1.1882463653882345
1.4154257604054041
0.9307014199586405
1.304717936299064
0.31734946370124817
1.1727790570882863
1.099095223546028
1.0528107653820633
1.2219193119269152
1.6214085444425925
3.1525187492370605
1.6752824616688553
1.3265902997795926
1.2420510427259348
0.9753731534726596
-0.2334078725712046
1.070134166687254
1.4474468757939893
1.6365046669455137
1.7107152865945006
1.1912043736226534
2.762274055232789
1.4737627419126391
1.5056416291335097
0.6813288282516391
1.286776843769797
1.8794449331679781
0.42942447430667685
1.8813854396541254
1.363326948422652
1.8414615823561886
0.7356472685933113
1.7911725317520952
1.0951652340714717
0.5738767470384754
2.805406332015991
1.36099007466565
1.3785768156013791
1.2138582515716552
1.3988213509616285
1.257914123642088
1.5768604399915227
1.9212659269991055
2.05719071545013
1.4094301866448444
2.3412723429501057
1.5383448153239152
1.9122068852186203
1.7944228996310319
0.8837834868171682
1.274346405809576
1.1986687995270637
0.8914713859558105
1.305696906362261
0.7764184730393546
1.7430545330047607
1.1100975210718114
1.2007562008212966
1.3625033507711468
1.2873038992737278
1.6640820984079057
1.4135117981778949
1.8382996259197113
1.711600285989267
1.7318385655276254
1.7295704093882411
1.8805032807884488
1.355237937325061
1.508662176132202
2.1103933343650603
0.7717525449108048
2.377330086952032
1.4491582642430845
0.9862200498580933
1.5557599500113843
2.2523715682203984
1.5174768733978272
1.1413941061575943
1.4208304339964128
0.6169628543760689
1.5530195537366365
2.1081606758734024
0.5194652080535889
1.2068278616753176
0.12749482562573644
1.142085772564641
1.9884968441586162
0.9141284062717501
1.2509539737420923
2.0633376623903
2.2358896922431515
1.4968454912840892
1.493925965533537
2.164259333359568
1.2607656556826372
1.6159488040467966
1.5329743040644603
2.354839157467046
0.7933236681345689
0.6814810289348479
1.9112021262331527
1.7093737519275376
1.325759603696711
1.855562502321075
1.8211364104502226
0.6457246541976929
1.9829843470028468
1.2845569247784823
1.1968849974373976
0.8252704833383576
0.9235863288243612
1.3767238015713898
0.7749430759008541
2.0281125680364744
1.2948217199129217
1.2886624389224581
1.8945830994815918
0.8204164001533756
0.6652672474467477
1.8546386121639185
1.609851884510782
0.8201276380381856
1.4926448153412861
1.8057917762886395
1.223883279982735
1.6795910014662632
1.788760097059485
0.448072022130323
0.0
1.6094007461101978
1.131860613822937
1.163071951466406
0.8706031197346515
1.6187299645465354
1.8021247048349776
1.7392708883910883
0.20527267334766167
2.033682283880086
1.79879669699558
2.1149586082264116
1.9504599626674208
2.043105021838484
3.5818254947662354
1.7381477106449217
0.9994321322668827
1.0857674723051711
0.47296301740843594
2.3239199061726414
1.1236061175664267
0.6520229445563422
2.0464016001492262
1.989466529143484
1.9882861011448096
1.7360181147077947
1.506145671470878
1.9441880098609037
0.16262338897120518
2.046376671248335
2.044175297021866
1.3261861896514893
1.1565296543706762
2.1124305071369296
1.4331300875236248
1.9943078154345288
1.9341934699278611
1.7110011577606201
1.9195667458119365
1.8409185872917555
2.306477322297938
1.3505025882931316
0.7182910442352295
1.670774507522583
1.1665613359461229
1.636967039689785
1.0467004709154646
1.4343689231129435
1.5531106057919954
2.46171199605706
1.7975200070099182
0.535115604186771
1.7421111771434645
0.9853879689124593
1.767857805475012
2.0885108841790094
2.123751761057438
1.3699195456267195
1.7480810085932414
1.3941720938959787
1.9951912225303003
0.33480136562138796
1.2664718380514182
2.0826164229710895
2.2673025528589883
1.9152455242765307
2.4131072362264
1.7931880164653697
0.0
1.4538825441436514
2.0214812610460364
1.8717618700745817
1.907856488468671
1.7559792018327556
1.344649863243103
1.924569002219609
1.3367587171519713
2.1053312869299026
2.516362279653549
1.975309055112921
1.4598147278634188
1.4147409495721228
1.5182907640735968
1.834304234910249
1.4928470779867733
1.1020326885670126
1.69702081972698
1.477577012638713
1.925507768899381
1.78317797086809
1.5763432255813055
1.6919657864026576
1.9789085115705218
1.0529690233872975
1.67673558419145
0.886369818939125
0.9541398047212747
1.430854431295817
2.2672934271395206
0.7617665514646971
0.532724159153989
0.5815331229686341
1.0195394115046013
0.8446847947184429
2.2749480511627946
1.3036075553723745
1.11540629271653
0.9957468320439227
2.2219846595417367
1.83770231598167
1.744531670869407
1.2348257373526412
0.9860035136614329
1.8038462122281393
1.7917105669759292
1.4768948715518821
4.23342764377594
1.565431313543785
0.4896934946312065
1.442660391330719
2.021799993277388
2.1647331831885164
1.3533511080525138
2.4625311555961766
2.2293308298838768
2.3711498048570423
2.299067985565267
2.752443188970739
1.106522456603589
1.728553941479553
2.308427617424413
1.6774184937570609
2.1018533784835065
1.3303148746490479
0.6030916211712004
1.066196557691327
1.8885176972339028
1.9260821442450247
2.0803950125888244
1.9783270691716395
1.8948217838309531
1.4592795842772077
2.423417658102317
0.6979067945206652
2.8561827193061227
1.0311088625378784
1.0623218692382987
1.8838453174033434
1.2834515407167633
2.171999201774597
1.306301645130117
1.7775191852816712
1.3545292429625988
1.2835346830643688
0.0
2.2196261747154646
1.9106322887696718
1.8804984153071536
2.2618931760787966
1.087090047420699
1.2894653931408626
1.2814609465805002
1.5448064991526385
1.1926384369104073
1.2405678223762098
2.1538933580741286
0.8523528126387105
0.5690102636863623
1.7225029703192536
1.9599021125013811
1.8152609630506866
1.9723608799740278
1.5000233720924894
0.8976675097035011
1.0850317579294955
1.4628537852150292
0.9714382087867521
1.0600679934618877
0.5518925953842081
0.7677609024451817
1.3255435440576437
1.1961524899912832
1.013347843259672
1.5246205912291548
0.9911753616459742
1.9123278685677598
1.3596750091872738
1.231602667272091
1.7846470229068205
1.7557373377741599
1.4713884433110556
1.8268626781793131
1.755510182091684
1.7651410899732425
1.9123153991699218
1.0639236463215265
-0.30678564961071425
3.6319982788779517
2.068423784696139
3.0588609243694105
1.834138221518938
1.759505487721542
0.717845888529901
1.474419857446964
2.3359718173742294
0.0
1.8391064077615737
0.9584722729814409
0.686250638961792
3.209855794906616
0.5150912190567813
1.0730573754818713
2.7787018775939942
1.1348781846834972
1.8243609214351124
2.4954632479569008
0.0
1.1002330664681437
1.6402242735431
1.9204368889331818
2.122470485802853
1.4744067237346987
1.5525956069185434
4.505837666091098
1.890628383709834
1.0466618239879608
2.1507408968607584
-0.34784210131710946
0.5986145360743612
2.0941409170627594
1.6594995014251224
2.0948406785142186
3.2032099106891008
2.3967627022001476
1.3682067341381503
0.9521605580599601
1.1026900201839835
1.1562924387051021
1.9018449734809786
2.286159880956014
2.0997838486864717
1.3832003350956852
2.4358648190859853
2.1305459633208157
2.6537564017555932
2.094879167180666
1.5495302165599214
1.2723316960239217
1.2722611501812935
0.5313313044483875
3.102829161413473
3.634657691459398
1.1470464052898544
2.088417911529541
3.910163095656862
0.30577195953095077
2.4355599429156327
2.062408299891503
3.523307674809506
2.980994509326087
2.312881121268639
1.9321846027632017
1.183192804053023
1.1822744716218738
2.135200177514276
3.0468426861809297
1.6847870166485126
2.2009815007448195
0.8362800595768266
2.010023127522385
1.6566990258717778
1.9786091741309109
1.8877054667620925
0.8790281638503075
0.9148482435736163
1.1371248892158459
1.2613954266836478
0.9737136661016268
1.9066053539514543
3.0442439848726446
1.11421948282615
2.575463491024765
1.73401767677731
0.9763857982681439
2.048354441541374
2.123906215031942
1.729423298555262
0.9377602189779282
1.6399004459381104
1.9826843136938932
1.0522370462419959
2.4583910642405273
1.8943616622372677
2.001828505945364
1.640507274485649
2.0850200688555125
1.4124935287417788
1.6184199343488066
2.0881509482860565
0.9412028740014745
2.2104969285428524
1.3540164800577386
1.8229893134398893
1.1376264941850769
2.6397529247908564
1.769467750717612
1.313470721244812
1.586724925630446
1.319549216164483
1.8427949966268335
1.8862909515139084
1.9901445252554757
1.8365048241707707
1.3605690819282468
2.2668154050433444
1.9733128272417773
1.9149195971706556
1.3922168976243805
2.1344118979805926
1.5007322944127597
1.3866916772139033
1.973857576466874
2.9269396250064554
2.6567967513098787
2.404777019825565
2.348140107026791
1.7442144409139106
2.199414648561396
2.4928795808663398
2.0879549172616776
2.3631147054525523
1.1031066762769353
1.7589057428496224
-1.7732267880509065
1.186414832709938
2.614821667883806
1.5764954002042817
1.6057714939117431
2.354300315181414
1.4941350720649542
1.4592648110912487
2.7519542504759396
1.7726006001497792
1.2775814533233643
1.628936736022725
2.2111833745783027
2.165942826144323
1.697757377462872
1.3046257083746682
1.62780712777594
1.0141601051191915
1.7485873967074277
1.9666716321758257
2.009695869096568
2.262286134741523
2.5880083507961698
1.5363942941029867
1.9305887162685393
2.690901477162431
2.525082280140112
0.6022440852454075
1.072578012216382
2.317919177313646
2.166002588173778
1.8809675218862132
6.679854290033892
1.963617583600486
1.6960136942887227
2.0729913765733894
1.6024508216442206
0.5511629668086074
1.6074931182359393
1.6497759333876676
2.0188314992690755
1.5350304320454597
2.705440560976664
1.8096398290737654
1.468229042884966
2.1545128511345903
2.30871080910718
1.5934838163001197
2.7360648264096477
1.780678351720174
2.115277980503283
1.36664368875597
2.590846883944976
1.4365241544466492
2.2957112193107605
2.394389356392017
2.2754651820659637
2.2077513872048793
1.1697025607066527
1.7943257717859178
2.26438200887228
2.514933442332081
1.2249254957625741
0.987741046792447
0.9776116500166168
2.425967398001321
2.313857132313298
2.2358239209356388
1.2335284959240214
2.3501400063777793
2.194094626342549
1.0859256625175475
1.9455328754714278
0.936151228176795
0.8974663451503796
2.482582644911002
1.656746784845988
0.6667642571307995
2.0754342380611375
2.1498712301254272
1.1929735038367617
2.009262049451787
0.8399365441223909
0.7736536283974236
1.6271827478666563
1.3737760186195374
2.267120909690857
1.377368654127533
0.5645181280785594
2.059383821487427
1.6533972766627087
0.8459947671110052
1.562110616101159
2.4973216222392187
2.3256084654066296
0.9101000655925156
1.766350269317627
1.8794423729874368
0.7651070533641453
1.9177157918612162
1.920095716203962
1.5935564765898493
2.3040298871826708
0.8862734421394592
1.0135202354259705
1.4022306359289491
2.3949211010566125
1.3869165799942524
0.7890458818017644
3.0616787206835863
3.2081584041359044
2.3649892747600214
1.9728859710534943
1.4120121443786495
0.6914403449830621
1.8485844683805572
1.2930113971233368
2.267125287226268
2.271524461018557
2.763451259793633
1.0814909570357378
2.5207822020951802
2.485664348355655
1.9875951163909014
2.4959939055748888
2.4489861319142
0.9225848335463344
2.0759214991230075
1.9432270061679002
0.0
2.1294787805397193
1.9627936482429504
1.1620789120759678
2.220070313004886
0.8098245292802981
2.08944346971601
0.46675205177494455
1.445123634687888
1.84146449732226
1.451145147655121
0.88621953359017
2.3484219478236303
1.1838649084599706
0.8047867305205509
2.2065846693515776
0.8255219134158668
1.4577012783615693
1.575135427926268
2.6396217560768127
2.751564180621734
1.6925045939592214
1.6538415528124286
2.5005530401682243
2.4780665922496055
2.59933637210301
1.8685564756393434
1.1765294995319804
1.2384110784213804
1.9240884429394605
0.9959874875917784
2.1354894233962236
0.4890649037998776
1.3921523631807182
1.418918717937216
1.192833319974698
2.469804248213768
0.4604669213294983
2.140322958550802
2.3675364587042065
1.9567807149887084
2.467360184951262
1.993370071798563
1.715099812393457
0.9795372840078962
2.230187452512722
2.0553660342302273
2.2050202001224863
2.224380322856921
0.8511638287392962
2.2519633757699395
1.535595610391262
2.203803478455057
0.6616470820186938
2.307964273169637
2.414697929791042
0.9104741173626181
0.8819174843397846
-0.10992298203449313
1.7493107791160825
1.914875484648205
1.1730816320363264
1.1733159627579772
2.130204473223005
1.55676473180453
1.9847795233797672
2.1320476316367136
1.363039295002818
1.4811269476705669
2.242650668743329
1.0474866949442614
0.5771722412881661
2.446704683377761
0.8780027765817816
2.0639771237605955
1.9490852211460923
2.6562130451202393
1.7163169241171279
2.4161098559099927
2.2126132690709484
1.9403247216263333
2.5838575933290566
2.327921906384555
2.1705040152256307
2.4511259926689997
0.8646906220610949
1.712302327156067
1.9200352063545814
0.38661346139747704
1.9598289529482524
1.6270182980998014
2.9683218972627508
0.6827729327783633
1.169636237995074
1.9245784680048625
0.6257721303282557
2.74072381786834
1.0922227472066879
2.1233303113417192
2.6694087252188266
1.3665101951717034
0.6326900063905605
2.3447028103839145
2.0775505221408346
2.2130620548094826
1.6240089157243505
2.1738277648176467
0.9243451884740412
0.5683796202819609
2.6324004713369877
2.418001849310739
0.5956673122826934
1.6033461719528583
2.381795967808207
0.9125671706935192
0.8473758531171222
2.8888144992118656
1.6933646600111774
2.0669655431719387
2.3277425289154055
2.3684059984304686
2.5700591418702725
2.4069579601287843
1.3536805199836595
1.38394354268958
1.670722208525005
1.8318322963047264
1.6445268154144288
1.460012657252261
2.3594621900440185
2.6836907982826235
1.3287098597735167
2.6691853588277645
2.1861244357294507
1.7547995448112488
1.7137872462577008
0.6920258073717546
2.2304497054644994
0.7894218456173359
3.549635502480969
1.3079834896261278
1.9338006909899537
2.4645930045055895
2.680849835572653
2.6755960009184228
1.5938552260398864
1.4613292955539443
1.3736608813743334
1.898051215960734
2.049396963552995
2.3319527383834595
1.833165202822004
1.324707995889789
1.9018562453133718
2.435704371203547
0.6596383786603918
2.047074698431547
1.8444267000470842
2.506106816805326
2.5702960765224763
1.8236030569157726
2.4624436517779746
2.035984600583712
