300.0 -338.0
300.0 -338.0
300.99999999999994 -338.0
304.0 -338.0
310.0 -338.0
312.0 -338.99999999999994
316.0 -338.99999999999994
322.0 -338.0
328.0 -338.0
328.99999999999994 -338.0
330.0 -338.0
330.0 -338.0
331.00000000000006 -338.0
336.99999999999994 -338.0
340.99999999999994 -338.0
340.0 -337.0
340.0 -337.0
347.00000000000006 -337.0
356.99999999999994 -336.0
360.99999999999994 -336.0
367.00000000000006 -335.00000000000006
372.0 -334.0
375.00000000000006 -334.0
382.0 -333.0
390.0 -331.0
390.0 -331.0
402.0 -329.0
404.0 -328.0
412.0 -327.0
415.00000000000006 -325.0
416.99999999999994 -325.0
423.00000000000006 -323.0
428.99999999999994 -322.0
435.00000000000006 -320.0
443.00000000000006 -318.0
446.0 -316.0
450.0 -315.0
455.00000000000006 -313.0
459.00000000000006 -311.0
464.99999999999994 -309.0
467.00000000000006 -308.0
474.0 -305.0
483.00000000000006 -301.0
486.0 -300.0
488.0 -299.0
494.0 -295.0
494.0 -295.0
496.99999999999994 -294.0
503.00000000000006 -291.0
503.00000000000006 -291.0
507.00000000000006 -289.0
508.99999999999994 -287.0
516.0 -283.0
520.0 -281.0
524.0 -278.0
524.0 -278.0
524.0 -278.0
523.0 -279.0
523.0 -279.0
522.0 -279.0
522.0 -279.0
523.0 -279.0
523.0 -279.0
522.0 -279.0
522.0 -279.0
522.0 -279.0
522.0 -279.0
522.0 -279.0
522.0 -279.0
522.0 -279.0
522.0 -279.0
522.0 -280.0
522.0 -279.0
521.0 -279.0
521.0 -279.0
521.0 -280.0
521.0 -280.0
521.0 -280.0
521.0 -280.0
521.0 -280.0
521.0 -280.0
521.0 -280.0
521.0 -280.0
521.0 -280.0
521.0 -280.0
521.0 -280.0
521.0 -280.0
521.0 -280.0
521.0 -279.0
523.0 -278.0
525.0 -277.0
527.0 -275.0
529.0 -274.0
531.0 -272.0
533.0 -270.0
535.0 -268.0
537.0 -266.0
539.0 -265.0
541.0 -263.0
543.0 -260.0
545.0 -258.0
545.9999999999999 -256.0
548.0 -254.0
550.0000000000001 -252.0
552.0 -250.0
553.9999999999999 -247.99999999999997
555.0 -246.00000000000003
557.0 -244.0
558.0000000000001 -242.0
559.0 -241.0
561.0 -238.99999999999997
561.9999999999999 -237.00000000000003
564.0 -235.0
565.0 -233.0
566.0000000000001 -232.0
568.0 -229.99999999999997
569.0 -228.00000000000003
569.0 -227.0
569.0 -227.0
569.0 -227.0
569.0 -227.0
572.0 -218.0
572.0 -218.0
572.0 -218.0
566.0000000000001 -220.99999999999997
565.0 -222.0
564.0 -222.0
563.0 -223.0
561.9999999999999 -224.0
561.9999999999999 -224.0
561.9999999999999 -224.0
558.0000000000001 -229.99999999999997
556.0 -233.0
556.0 -234.0
556.0 -234.0
556.0 -234.0
556.0 -234.0
556.0 -234.0
556.0 -234.0
556.0 -234.0
556.0 -234.0
556.0 -234.0
556.0 -234.0
559.0 -232.0
561.0 -228.00000000000003
563.0 -225.0
564.0 -223.0
564.0 -223.0
561.0 -224.0
561.0 -224.0
561.0 -224.0
561.0 -224.0
561.0 -224.0
556.0 -228.00000000000003
555.0 -229.99999999999997
553.0 -232.0
547.0 -238.0
547.0 -238.99999999999997
547.0 -238.99999999999997
547.0 -238.99999999999997
548.0 -238.99999999999997
548.0 -238.99999999999997
548.0 -238.99999999999997
548.0 -238.99999999999997
552.0 -236.0
556.0 -231.0
557.0 -228.00000000000003
559.0 -226.0
558.0000000000001 -226.0
557.0 -227.0
556.0 -227.0
555.0 -228.00000000000003
555.0 -228.00000000000003
555.0 -228.00000000000003
555.0 -228.00000000000003
553.9999999999999 -229.0
553.9999999999999 -229.0
553.9999999999999 -229.0
553.9999999999999 -229.0
553.9999999999999 -229.0
553.9999999999999 -229.0
553.0 -229.0
553.0 -229.0
553.0 -229.0
553.0 -229.0
553.0 -229.0
553.0 -229.0
553.0 -229.0
553.0 -229.0
553.0 -229.0
553.0 -229.0
553.0 -229.0
553.0 -229.0
553.0 -229.0
552.0 -229.99999999999997
552.0 -229.99999999999997
552.0 -229.99999999999997
552.0 -229.99999999999997
552.0 -229.99999999999997
552.0 -229.99999999999997
552.0 -229.99999999999997
552.0 -229.99999999999997
552.0 -229.99999999999997
552.0 -229.99999999999997
552.0 -229.99999999999997
552.0 -229.99999999999997
552.0 -229.99999999999997
552.0 -229.99999999999997
552.0 -229.99999999999997
552.0 -229.99999999999997
552.0 -229.99999999999997
552.0 -229.99999999999997
552.0 -229.99999999999997
552.0 -229.99999999999997
552.0 -229.99999999999997
552.0 -229.99999999999997
552.0 -229.99999999999997
552.0 -229.99999999999997
552.0 -229.99999999999997
552.0 -229.99999999999997
552.0 -229.99999999999997
552.0 -229.99999999999997
552.0 -229.99999999999997
552.0 -229.99999999999997
552.0 -229.99999999999997
552.0 -229.99999999999997
551.0 -229.99999999999997
551.0 -229.99999999999997
551.0 -229.99999999999997
551.0 -229.99999999999997
551.0 -231.0
551.0 -231.0
551.0 -231.0
551.0 -231.0
551.0 -231.0
551.0 -231.0
551.0 -231.0
551.0 -231.0
551.0 -231.0
551.0 -231.0
551.0 -231.0
551.0 -231.0
551.0 -231.0
551.0 -231.0
551.0 -231.0
551.0 -231.0
551.0 -231.0
551.0 -231.0
551.0 -231.0
551.0 -231.0
551.0 -231.0
551.0 -231.0
551.0 -231.0
551.0 -231.0
551.0 -231.0
551.0 -231.0
551.0 -231.0
551.0 -231.0
551.0 -231.0
551.0 -231.0
551.0 -231.0
551.0 -231.0
551.0 -231.0
551.0 -231.0
551.0 -231.0
551.0 -231.0
551.0 -231.0
550.0000000000001 -231.0
550.0000000000001 -231.0
550.0000000000001 -231.0
551.0 -231.0
551.0 -231.0
551.0 -231.0
551.0 -231.0
550.0000000000001 -231.0
550.0000000000001 -231.0
550.0000000000001 -231.0
550.0000000000001 -231.0
550.0000000000001 -231.0
550.0000000000001 -231.0
550.0000000000001 -231.0
550.0000000000001 -231.0
550.0000000000001 -231.0
550.0000000000001 -231.0
550.0000000000001 -231.0
550.0000000000001 -231.0
550.0000000000001 -231.0
550.0000000000001 -231.0
550.0000000000001 -231.0
550.0000000000001 -231.0
550.0000000000001 -231.0
550.0000000000001 -231.0
550.0000000000001 -231.0
550.0000000000001 -231.0
550.0000000000001 -231.0
550.0000000000001 -231.0
550.0000000000001 -231.0
550.0000000000001 -232.0
550.0000000000001 -232.0
550.0000000000001 -232.0
550.0000000000001 -231.0
295.00000000000006 -338.0
295.00000000000006 -338.0
296.99999999999994 -338.0
296.99999999999994 -338.0
296.99999999999994 -338.0
296.99999999999994 -338.0
299.00000000000006 -338.0
302.0 -338.0
304.0 -338.0
306.0 -338.0
310.0 -338.0
314.0 -338.0
318.0 -338.0
320.0 -338.0
323.00000000000006 -338.0
328.0 -338.0
336.0 -337.0
339.00000000000006 -337.0
343.00000000000006 -337.0
344.99999999999994 -337.0
347.00000000000006 -337.0
351.00000000000006 -336.0
352.0 -336.0
356.0 -336.0
358.0 -336.0
360.99999999999994 -336.0
366.0 -335.00000000000006
368.99999999999994 -335.00000000000006
371.00000000000006 -334.0
375.00000000000006 -334.0
376.99999999999994 -333.0
383.00000000000006 -333.0
390.0 -331.0
394.0 -329.99999999999994
402.0 -329.0
404.99999999999994 -328.0
411.00000000000006 -327.0
416.0 -326.00000000000006
416.99999999999994 -325.0
416.99999999999994 -325.0
416.99999999999994 -325.0
416.0 -325.0
416.0 -325.0
416.0 -325.0
416.0 -325.0
416.0 -325.0
416.0 -325.0
416.0 -325.0
416.0 -325.0
416.0 -325.0
416.0 -325.0
416.0 -325.0
416.0 -325.0
415.00000000000006 -326.00000000000006
415.00000000000006 -326.00000000000006
415.00000000000006 -326.00000000000006
415.00000000000006 -326.00000000000006
415.00000000000006 -326.00000000000006
415.00000000000006 -326.00000000000006
415.00000000000006 -326.00000000000006
415.00000000000006 -326.00000000000006
415.00000000000006 -326.00000000000006
412.0 -326.00000000000006
408.0 -326.00000000000006
402.0 -327.0
398.0 -327.0
403.00000000000006 -326.00000000000006
410.0 -324.0
416.0 -323.0
423.00000000000006 -321.0
420.0 -321.0
423.00000000000006 -320.0
422.0 -320.0
422.0 -320.0
422.0 -320.0
422.0 -320.0
408.99999999999994 -322.0
261.0 -329.99999999999994
261.0 -329.99999999999994
262.0 -329.99999999999994
265.0 -331.0
271.0 -331.0
272.0 -331.0
276.99999999999994 -332.0
283.00000000000006 -332.0
283.00000000000006 -332.0
290.0 -332.0
292.99999999999994 -332.0
298.0 -333.0
304.99999999999994 -333.0
304.99999999999994 -333.0
318.0 -333.0
316.0 -333.0
316.0 -333.0
316.0 -333.0
324.99999999999994 -333.0
327.00000000000006 -333.0
327.00000000000006 -333.0
327.00000000000006 -333.0
326.0 -333.0
324.99999999999994 -333.0
324.99999999999994 -333.0
326.0 -333.0
326.0 -333.0
326.0 -333.0
326.0 -333.0
324.99999999999994 -333.0
324.99999999999994 -333.0
326.0 -333.0
328.0 -333.0
328.0 -333.0
332.99999999999994 -333.0
336.0 -333.0
336.0 -333.0
338.0 -333.0
340.0 -333.0
342.0 -333.0
344.99999999999994 -332.0
347.00000000000006 -332.0
350.0 -331.0
352.0 -331.0
355.00000000000006 -331.0
358.0 -329.99999999999994
360.99999999999994 -329.99999999999994
364.0 -329.0
367.00000000000006 -329.0
370.0 -328.0
374.0 -327.0
376.99999999999994 -326.00000000000006
380.0 -326.00000000000006
390.0 -324.0
394.0 -322.0
396.0 -322.0
398.0 -321.0
398.0 -321.0
398.0 -321.0
400.0 -321.0
404.0 -320.0
406.0 -320.0
410.0 -320.0
412.0 -319.0
416.0 -319.0
418.0 -318.0
418.0 -318.0
418.0 -318.0
420.0 -318.0
422.0 -317.0
426.0 -316.0
428.99999999999994 -315.0
434.0 -314.0
436.0 -313.0
440.0 -313.0
443.00000000000006 -311.0
444.99999999999994 -311.0
448.99999999999994 -309.0
450.0 -309.0
451.00000000000006 -309.0
455.00000000000006 -307.0
463.00000000000006 -305.0
466.0 -303.0
259.0 -329.99999999999994
259.0 -329.99999999999994
259.0 -329.99999999999994
259.0 -329.99999999999994
260.0 -329.99999999999994
264.0 -329.99999999999994
270.0 -331.0
272.99999999999994 -331.0
279.00000000000006 -332.0
286.0 -332.0
292.99999999999994 -333.0
294.0 -333.0
294.0 -333.0
294.0 -333.0
302.0 -333.0
306.0 -333.0
311.00000000000006 -333.0
320.0 -333.0
320.99999999999994 -333.0
324.0 -333.0
330.0 -333.0
335.00000000000006 -333.0
338.0 -333.0
344.99999999999994 -332.0
354.0 -331.0
356.99999999999994 -331.0
366.0 -329.99999999999994
368.0 -329.99999999999994
368.0 -329.99999999999994
368.0 -329.99999999999994
368.0 -329.99999999999994
368.0 -329.99999999999994
368.0 -329.99999999999994
368.0 -329.99999999999994
367.00000000000006 -329.99999999999994
367.00000000000006 -329.99999999999994
367.00000000000006 -329.99999999999994
367.00000000000006 -329.99999999999994
367.00000000000006 -329.99999999999994
367.00000000000006 -329.99999999999994
367.00000000000006 -329.99999999999994
367.00000000000006 -329.99999999999994
367.00000000000006 -329.99999999999994
368.0 -329.99999999999994
370.0 -329.99999999999994
372.99999999999994 -329.0
375.00000000000006 -329.0
378.0 -328.0
380.99999999999994 -328.0
384.0 -327.0
386.0 -327.0
388.99999999999994 -326.00000000000006
392.0 -325.0
395.00000000000006 -325.0
398.0 -324.0
404.99999999999994 -322.0
412.99999999999994 -320.0
418.0 -319.0
424.99999999999994 -316.0
428.0 -316.0
432.0 -315.0
435.00000000000006 -314.0
438.0 -313.0
440.0 -313.0
443.00000000000006 -312.0
446.0 -311.0
448.99999999999994 -309.0
451.00000000000006 -309.0
455.00000000000006 -308.0
460.0 -306.0
462.0 -305.0
464.0 -304.0
468.99999999999994 -302.0
470.0 -302.0
475.00000000000006 -299.0
478.0 -298.0
482.0 -297.0
488.0 -294.0
487.00000000000006 -294.0
480.0 -297.0
480.0 -297.0
487.00000000000006 -294.0
492.0 -292.0
492.0 -292.0
495.00000000000006 -290.0
499.00000000000006 -288.0
507.00000000000006 -284.0
511.00000000000006 -282.0
261.0 -329.99999999999994
261.0 -329.99999999999994
261.0 -329.99999999999994
261.0 -329.99999999999994
262.0 -329.99999999999994
266.0 -331.0
271.0 -331.0
272.99999999999994 -331.0
275.00000000000006 -331.0
280.99999999999994 -332.0
290.0 -333.0
292.0 -333.0
292.99999999999994 -333.0
292.0 -333.0
284.99999999999994 -332.0
279.00000000000006 -332.0
276.0 -332.0
272.99999999999994 -331.0
275.00000000000006 -332.0
278.0 -332.0
280.99999999999994 -332.0
288.99999999999994 -333.0
291.00000000000006 -333.0
292.0 -333.0
292.0 -333.0
284.99999999999994 -333.0
282.0 -332.0
276.99999999999994 -332.0
275.00000000000006 -332.0
272.99999999999994 -331.0
274.0 -332.0
279.00000000000006 -332.0
280.0 -332.0
283.00000000000006 -332.0
290.0 -333.0
288.99999999999994 -333.0
290.0 -333.0
284.99999999999994 -333.0
280.99999999999994 -332.0
278.0 -332.0
276.0 -332.0
276.99999999999994 -332.0
278.0 -332.0
282.0 -332.0
286.0 -333.0
288.0 -333.0
287.00000000000006 -333.0
282.0 -332.0
280.99999999999994 -332.0
279.00000000000006 -332.0
278.0 -332.0
278.0 -332.0
279.00000000000006 -332.0
284.0 -333.0
284.99999999999994 -333.0
288.0 -333.0
288.0 -333.0
288.0 -333.0
287.00000000000006 -333.0
286.0 -333.0
287.00000000000006 -333.0
284.99999999999994 -333.0
284.99999999999994 -333.0
284.99999999999994 -333.0
284.0 -333.0
284.0 -333.0
283.00000000000006 -332.0
282.0 -332.0
278.0 -332.0
272.0 -331.0
270.0 -331.0
270.0 -331.0
272.99999999999994 -331.0
275.00000000000006 -332.0
278.0 -332.0
278.0 -332.0
278.0 -332.0
278.0 -332.0
278.0 -332.0
278.0 -332.0
279.00000000000006 -332.0
283.00000000000006 -332.0
284.0 -333.0
286.0 -333.0
286.0 -333.0
282.0 -332.0
280.99999999999994 -332.0
280.99999999999994 -332.0
280.0 -332.0
282.0 -332.0
283.00000000000006 -333.0
283.00000000000006 -332.0
286.0 -333.0
288.99999999999994 -333.0
288.99999999999994 -333.0
288.0 -333.0
288.0 -333.0
284.99999999999994 -333.0
280.0 -332.0
278.0 -331.0
274.0 -331.0
274.0 -331.0
276.0 -331.0
283.00000000000006 -332.0
286.0 -332.0
286.0 -332.0
286.0 -332.0
283.00000000000006 -332.0
276.99999999999994 -331.0
272.99999999999994 -329.99999999999994
272.0 -331.0
265.0 -329.99999999999994
261.0 -329.0
256.0 -328.0
253.0 -327.0
253.0 -327.0
250.0 -327.0
248.0 -326.00000000000006
241.0 -324.0
234.0 -323.0
231.0 -321.0
221.0 -318.0
219.0 -318.0
214.0 -316.0
214.0 -316.0
207.0 -314.0
202.0 -311.0
198.0 -310.0
195.0 -309.0
187.0 -305.0
184.0 -304.0
184.0 -304.0
183.0 -303.0
182.0 -303.0
180.0 -303.0
178.0 -302.0
175.0 -301.0
167.0 -297.0
158.0 -292.0
158.0 -292.0
152.0 -289.0
149.0 -287.0
146.0 -286.0
141.0 -282.0
136.0 -279.0
137.0 -279.0
137.0 -279.0
131.0 -275.0
126.0 -272.0
124.0 -270.0
118.0 -266.0
115.0 -263.0
115.0 -263.0
110.0 -259.0
107.0 -256.0
99.0 -249.0
96.0 -247.0
92.0 -243.0
254.0 -329.0
254.0 -329.0
254.0 -329.0
258.0 -329.99999999999994
264.0 -329.99999999999994
267.0 -331.0
274.0 -331.0
280.0 -332.0
288.0 -333.0
290.0 -333.0
296.0 -333.0
300.99999999999994 -333.0
300.99999999999994 -333.0
300.99999999999994 -333.0
308.0 -333.0
315.00000000000006 -333.0
320.99999999999994 -333.0
327.00000000000006 -333.0
334.0 -333.0
338.0 -333.0
343.00000000000006 -332.0
351.00000000000006 -332.0
354.0 -331.0
363.00000000000006 -329.99999999999994
363.00000000000006 -329.99999999999994
368.99999999999994 -329.99999999999994
375.00000000000006 -329.0
379.00000000000006 -328.0
380.0 -328.0
387.00000000000006 -327.0
392.99999999999994 -326.00000000000006
399.00000000000006 -324.0
406.0 -323.0
408.0 -322.0
410.0 -322.0
415.00000000000006 -321.0
420.0 -319.0
426.0 -318.0
432.0 -316.0
432.99999999999994 -315.0
440.0 -313.0
448.99999999999994 -310.0
452.99999999999994 -309.0
454.0 -308.0
454.0 -308.0
454.0 -308.0
452.99999999999994 -309.0
452.0 -309.0
452.99999999999994 -309.0
452.99999999999994 -309.0
452.99999999999994 -309.0
452.99999999999994 -309.0
452.0 -309.0
452.0 -309.0
452.0 -309.0
452.0 -309.0
452.99999999999994 -309.0
452.99999999999994 -309.0
452.0 -309.0
452.0 -309.0
452.0 -309.0
452.0 -309.0
452.0 -309.0
448.0 -310.0
447.00000000000006 -310.0
447.00000000000006 -310.0
447.00000000000006 -310.0
448.0 -310.0
448.0 -310.0
448.0 -310.0
448.0 -310.0
448.0 -310.0
448.0 -310.0
451.00000000000006 -309.0
452.99999999999994 -308.0
455.00000000000006 -307.0
458.0 -306.0
460.0 -305.0
463.00000000000006 -304.0
470.0 -301.0
478.0 -298.0
480.99999999999994 -296.0
484.99999999999994 -294.0
487.00000000000006 -293.0
488.0 -293.0
492.99999999999994 -291.0
496.0 -289.0
498.0 -288.0
502.0 -286.0
508.99999999999994 -282.0
511.00000000000006 -281.0
510.0 -281.0
510.0 -281.0
510.0 -281.0
510.0 -281.0
510.0 -282.0
508.99999999999994 -282.0
510.0 -281.0
514.0 -279.0
515.0 -278.0
515.0 -278.0
516.0 -277.0
517.0 -277.0
518.0 -276.0
519.0 -275.0
521.0 -274.0
524.0 -272.0
526.0 -270.0
527.0 -269.0
529.0 -268.0
531.0 -266.0
530.0 -266.0
531.0 -265.0
533.0 -263.0
534.0 -262.0
535.0 -262.0
537.0 -259.0
543.0 -255.00000000000003
547.0 -252.0
552.0 -249.0
553.9999999999999 -247.0
555.0 -246.00000000000003
555.0 -246.00000000000003
555.0 -246.00000000000003
553.0 -246.00000000000003
553.0 -246.00000000000003
545.9999999999999 -250.0
544.0 -251.0
542.0 -253.0
541.0 -253.0
541.0 -253.0
541.0 -253.0
541.0 -253.0
541.0 -253.0
543.0 -252.0
544.0 -251.0
545.9999999999999 -249.0
547.0 -247.0
548.0 -246.00000000000003
549.0 -245.0
547.0 -246.00000000000003
547.0 -244.0
549.0 -241.0
548.0 -240.0
545.0 -242.0
542.0 -243.0
540.0 -244.0
538.0 -245.0
538.0 -245.0
538.0 -245.0
536.0 -246.00000000000003
534.0 -247.0
533.0 -247.0
532.0 -247.99999999999997
531.0 -247.99999999999997
531.0 -247.99999999999997
531.0 -247.99999999999997
531.0 -247.99999999999997
531.0 -249.0
530.0 -249.0
530.0 -249.0
530.0 -249.0
530.0 -249.0
530.0 -249.0
530.0 -249.0
530.0 -249.0
529.0 -249.0
529.0 -249.0
530.0 -249.0
530.0 -249.0
529.0 -249.0
529.0 -250.0
529.0 -250.0
529.0 -250.0
529.0 -250.0
529.0 -250.0
529.0 -250.0
529.0 -250.0
529.0 -250.0
529.0 -250.0
529.0 -250.0
529.0 -250.0
529.0 -250.0
528.0 -250.0
528.0 -250.0
528.0 -250.0
529.0 -250.0
529.0 -250.0
529.0 -250.0
528.0 -250.0
528.0 -250.0
528.0 -250.0
528.0 -250.0
528.0 -250.0
528.0 -250.0
528.0 -250.0
529.0 -250.0
530.0 -249.0
532.0 -247.99999999999997
533.0 -247.99999999999997
533.0 -247.99999999999997
531.0 -249.0
530.0 -249.0
529.0 -250.0
528.0 -250.0
528.0 -250.0
528.0 -250.0
528.0 -251.0
528.0 -251.0
528.0 -251.0
529.0 -250.0
530.0 -249.0
530.0 -249.0
531.0 -249.0
530.0 -249.0
528.0 -251.0
525.0 -253.0
259.0 -329.99999999999994
259.0 -329.99999999999994
259.0 -329.99999999999994
259.0 -329.99999999999994
258.0 -329.99999999999994
258.0 -329.99999999999994
258.0 -329.99999999999994
258.0 -329.0
254.0 -329.0
257.0 -329.99999999999994
257.0 -329.99999999999994
257.0 -329.99999999999994
257.0 -329.99999999999994
256.0 -329.99999999999994
257.0 -329.99999999999994
257.0 -329.99999999999994
254.0 -329.0
249.0 -328.0
247.0 -327.0
244.0 -327.0
244.0 -327.0
244.0 -327.0
244.0 -327.0
245.0 -327.0
245.0 -327.0
244.0 -327.0
244.0 -327.0
244.0 -327.0
245.0 -327.0
245.0 -327.0
245.0 -327.0
244.0 -327.0
244.0 -327.0
244.0 -327.0
245.0 -327.0
245.0 -327.0
245.0 -327.0
244.0 -327.0
244.0 -327.0
244.0 -327.0
244.0 -327.0
244.0 -327.0
245.0 -327.0
244.0 -327.0
247.0 -328.0
247.0 -328.0
247.0 -328.0
244.0 -327.0
246.0 -327.0
246.0 -327.0
241.0 -325.0
238.0 -325.0
234.0 -323.0
227.0 -320.0
217.0 -317.0
212.0 -314.0
205.0 -311.0
205.0 -311.0
191.0 -304.0
188.0 -303.0
185.0 -301.0
185.0 -301.0
177.0 -296.0
173.0 -293.0
170.0 -292.0
167.0 -290.0
163.0 -287.0
160.0 -285.0
157.0 -283.0
154.0 -280.0
152.0 -279.0
152.0 -279.0
152.0 -279.0
153.0 -279.0
153.0 -279.0
153.0 -279.0
153.0 -279.0
153.0 -279.0
153.0 -279.0
153.0 -279.0
153.0 -279.0
153.0 -279.0
153.0 -279.0
152.0 -278.0
151.0 -277.0
151.0 -277.0
150.0 -277.0
147.0 -275.0
144.0 -274.0
141.0 -273.0
141.0 -273.0
140.0 -272.0
137.0 -271.0
135.0 -269.0
132.0 -268.0
129.0 -266.0
127.0 -265.0
125.0 -264.0
123.0 -263.0
284.99999999999994 -336.0
284.99999999999994 -336.0
284.99999999999994 -336.0
284.99999999999994 -336.0
291.00000000000006 -336.0
296.99999999999994 -336.0
300.0 -337.0
300.99999999999994 -337.0
302.0 -337.0
302.0 -337.0
303.00000000000006 -337.0
304.0 -337.0
307.00000000000006 -337.0
310.0 -337.0
318.0 -338.0
324.99999999999994 -338.0
331.00000000000006 -338.0
339.00000000000006 -337.0
347.00000000000006 -337.0
356.0 -336.0
358.0 -336.0
362.0 -336.0
363.00000000000006 -336.0
364.99999999999994 -335.00000000000006
370.0 -335.00000000000006
372.0 -335.00000000000006
376.0 -334.0
379.00000000000006 -334.0
380.99999999999994 -333.0
384.99999999999994 -333.0
391.00000000000006 -332.0
395.00000000000006 -331.0
404.0 -329.0
408.0 -328.0
407.00000000000006 -328.0
406.0 -328.0
410.0 -327.0
416.0 -326.00000000000006
419.00000000000006 -325.0
426.0 -323.0
432.0 -321.0
436.0 -320.0
442.0 -318.0
443.00000000000006 -317.0
444.0 -317.0
444.0 -317.0
435.00000000000006 -320.0
424.99999999999994 -323.0
416.0 -325.0
412.0 -326.00000000000006
412.99999999999994 -326.00000000000006
420.99999999999994 -325.0
431.00000000000006 -322.0
436.0 -320.0
442.0 -318.0
442.0 -318.0
442.0 -318.0
443.00000000000006 -318.0
432.99999999999994 -321.0
424.99999999999994 -323.0
416.99999999999994 -325.0
416.0 -325.0
416.0 -325.0
427.00000000000006 -323.0
435.00000000000006 -320.0
443.00000000000006 -318.0
447.00000000000006 -316.0
446.0 -317.0
444.99999999999994 -317.0
436.99999999999994 -319.0
431.00000000000006 -321.0
424.99999999999994 -323.0
423.00000000000006 -323.0
422.0 -324.0
422.0 -324.0
430.0 -322.0
432.0 -321.0
443.00000000000006 -318.0
446.0 -316.0
444.99999999999994 -317.0
444.0 -317.0
436.99999999999994 -319.0
428.99999999999994 -322.0
423.00000000000006 -323.0
423.00000000000006 -323.0
424.0 -323.0
431.00000000000006 -321.0
440.0 -319.0
446.0 -317.0
447.00000000000006 -316.0
446.0 -316.0
444.99999999999994 -317.0
435.00000000000006 -319.0
427.00000000000006 -322.0
426.0 -322.0
426.0 -322.0
427.00000000000006 -322.0
438.0 -319.0
443.00000000000006 -317.0
443.00000000000006 -317.0
442.0 -317.0
436.0 -319.0
428.99999999999994 -322.0
416.99999999999994 -325.0
416.99999999999994 -325.0
416.99999999999994 -324.0
427.00000000000006 -322.0
432.99999999999994 -320.0
438.0 -318.0
442.0 -317.0
440.99999999999994 -317.0
440.0 -317.0
432.0 -319.0
427.00000000000006 -321.0
420.0 -323.0
412.0 -325.0
412.0 -325.0
420.0 -323.0
428.99999999999994 -321.0
435.00000000000006 -319.0
440.99999999999994 -317.0
444.99999999999994 -316.0
444.0 -316.0
443.00000000000006 -316.0
434.0 -319.0
430.0 -320.0
420.99999999999994 -322.0
423.00000000000006 -322.0
423.00000000000006 -322.0
422.0 -322.0
426.0 -320.0
428.0 -320.0
428.99999999999994 -319.0
434.0 -318.0
439.00000000000006 -316.0
438.0 -316.0
438.0 -316.0
432.0 -318.0
432.0 -318.0
424.99999999999994 -320.0
420.99999999999994 -321.0
415.00000000000006 -323.0
418.0 -322.0
422.0 -321.0
428.0 -319.0
435.00000000000006 -317.0
438.0 -316.0
438.0 -316.0
431.00000000000006 -318.0
424.0 -320.0
420.0 -321.0
416.0 -323.0
416.99999999999994 -322.0
424.0 -321.0
428.99999999999994 -319.0
432.99999999999994 -318.0
438.0 -317.0
438.0 -316.0
432.0 -318.0
424.99999999999994 -320.0
420.0 -321.0
416.0 -323.0
416.0 -322.0
423.00000000000006 -321.0
428.99999999999994 -319.0
434.0 -318.0
438.0 -316.0
438.0 -316.0
431.00000000000006 -318.0
424.0 -320.0
420.0 -321.0
416.0 -322.0
418.0 -322.0
422.0 -321.0
428.0 -319.0
432.99999999999994 -318.0
438.0 -316.0
438.0 -316.0
431.00000000000006 -318.0
424.0 -320.0
420.0 -321.0
420.0 -321.0
427.00000000000006 -320.0
434.0 -318.0
439.00000000000006 -316.0
444.99999999999994 -314.0
444.0 -315.0
435.00000000000006 -317.0
430.0 -319.0
430.0 -318.0
424.0 -320.0
420.0 -321.0
420.0 -321.0
416.99999999999994 -322.0
423.00000000000006 -321.0
427.00000000000006 -320.0
432.99999999999994 -318.0
438.0 -316.0
444.0 -314.0
443.00000000000006 -315.0
435.00000000000006 -317.0
430.0 -319.0
430.0 -319.0
423.00000000000006 -320.0
420.99999999999994 -321.0
420.99999999999994 -321.0
427.00000000000006 -320.0
432.0 -318.0
432.99999999999994 -318.0
438.0 -317.0
436.99999999999994 -317.0
430.0 -319.0
422.0 -321.0
416.99999999999994 -322.0
412.99999999999994 -323.0
414.0 -323.0
415.00000000000006 -323.0
415.00000000000006 -323.0
422.0 -321.0
426.0 -320.0
431.00000000000006 -318.0
435.00000000000006 -317.0
442.0 -315.0
442.0 -315.0
434.0 -317.0
428.99999999999994 -319.0
420.0 -321.0
418.0 -322.0
412.0 -323.0
414.0 -323.0
420.0 -321.0
424.99999999999994 -320.0
431.00000000000006 -318.0
435.00000000000006 -317.0
442.0 -315.0
440.99999999999994 -315.0
435.00000000000006 -317.0
428.99999999999994 -319.0
420.99999999999994 -321.0
418.0 -322.0
412.0 -323.0
416.0 -322.0
422.0 -321.0
424.99999999999994 -320.0
432.0 -318.0
435.00000000000006 -317.0
442.0 -315.0
442.0 -315.0
432.99999999999994 -317.0
430.0 -318.0
420.99999999999994 -321.0
416.99999999999994 -322.0
412.0 -323.0
414.0 -323.0
420.99999999999994 -321.0
426.0 -320.0
432.0 -318.0
434.0 -317.0
440.99999999999994 -315.0
440.99999999999994 -315.0
432.99999999999994 -318.0
428.99999999999994 -319.0
420.99999999999994 -321.0
420.99999999999994 -321.0
418.0 -322.0
419.00000000000006 -321.0
424.99999999999994 -320.0
431.00000000000006 -318.0
435.00000000000006 -317.0
440.99999999999994 -315.0
440.0 -315.0
432.99999999999994 -318.0
428.0 -319.0
420.99999999999994 -321.0
420.99999999999994 -321.0
422.0 -321.0
422.0 -321.0
430.0 -318.0
435.00000000000006 -317.0
440.99999999999994 -315.0
440.99999999999994 -315.0
440.0 -315.0
440.0 -315.0
432.99999999999994 -318.0
428.0 -319.0
422.0 -321.0
418.0 -322.0
418.0 -322.0
418.0 -322.0
424.99999999999994 -320.0
431.00000000000006 -318.0
435.00000000000006 -317.0
435.00000000000006 -317.0
435.00000000000006 -317.0
434.0 -317.0
427.00000000000006 -319.0
420.99999999999994 -321.0
419.00000000000006 -322.0
420.0 -321.0
426.0 -320.0
432.0 -318.0
282.0 -335.00000000000006
282.0 -335.00000000000006
282.0 -335.00000000000006
282.0 -335.00000000000006
284.99999999999994 -335.00000000000006
290.0 -335.00000000000006
292.0 -335.00000000000006
292.0 -335.00000000000006
298.0 -336.0
296.99999999999994 -336.0
302.0 -336.0
315.00000000000006 -337.0
318.0 -337.0
318.0 -337.0
318.0 -337.0
316.99999999999994 -337.0
319.00000000000006 -337.0
323.00000000000006 -338.0
326.0 -338.0
326.0 -338.0
328.0 -338.99999999999994
330.0 -338.99999999999994
332.0 -338.0
332.99999999999994 -338.0
336.0 -338.0
340.0 -338.0
340.0 -338.0
344.99999999999994 -337.0
344.99999999999994 -337.0
350.0 -336.0
354.0 -335.00000000000006
363.00000000000006 -334.0
370.0 -333.0
376.99999999999994 -332.0
376.99999999999994 -332.0
384.0 -331.0
387.00000000000006 -331.0
390.0 -331.0
391.00000000000006 -329.99999999999994
395.00000000000006 -329.99999999999994
400.0 -329.0
400.99999999999994 -329.0
406.0 -328.0
408.0 -327.0
412.99999999999994 -326.00000000000006
416.0 -326.00000000000006
418.0 -325.0
423.00000000000006 -324.0
428.0 -322.0
434.0 -321.0
432.0 -321.0
431.00000000000006 -321.0
440.0 -318.0
444.99999999999994 -317.0
448.99999999999994 -316.0
448.0 -316.0
448.0 -316.0
452.99999999999994 -314.0
456.99999999999994 -312.0
456.99999999999994 -312.0
463.00000000000006 -310.0
464.99999999999994 -309.0
472.99999999999994 -306.0
480.99999999999994 -302.0
484.0 -301.0
484.99999999999994 -300.0
492.99999999999994 -296.0
494.0 -295.0
494.0 -295.0
500.99999999999994 -292.0
504.0 -290.0
508.0 -288.0
516.0 -284.0
520.0 -281.0
523.0 -279.0
527.0 -276.0
535.0 -272.0
533.0 -272.0
526.0 -276.0
517.0 -281.0
511.00000000000006 -285.0
508.99999999999994 -286.0
510.0 -286.0
517.0 -282.0
521.0 -280.0
526.0 -277.0
534.0 -272.0
536.0 -270.0
535.0 -271.0
530.0 -273.0
523.0 -278.0
515.0 -282.0
510.0 -285.0
513.0 -284.0
514.0 -283.0
519.0 -281.0
525.0 -277.0
534.0 -272.0
536.0 -270.0
535.0 -271.0
535.0 -271.0
529.0 -274.0
521.0 -279.0
522.0 -279.0
522.0 -278.0
522.0 -278.0
532.0 -273.0
532.0 -272.0
535.0 -271.0
535.0 -271.0
530.0 -273.0
522.0 -278.0
513.0 -283.0
510.0 -285.0
512.0 -284.0
516.0 -282.0
521.0 -279.0
532.0 -273.0
536.0 -270.0
538.0 -269.0
537.0 -269.0
532.0 -272.0
527.0 -275.0
522.0 -278.0
513.0 -284.0
508.99999999999994 -285.0
511.00000000000006 -285.0
514.0 -283.0
522.0 -279.0
533.0 -273.0
535.0 -271.0
535.0 -271.0
528.0 -275.0
520.0 -279.0
512.0 -284.0
508.99999999999994 -286.0
511.00000000000006 -285.0
512.0 -284.0
512.0 -284.0
516.0 -282.0
516.0 -282.0
523.0 -278.0
532.0 -273.0
536.0 -270.0
537.0 -269.0
537.0 -270.0
531.0 -273.0
527.0 -275.0
519.0 -280.0
511.00000000000006 -284.0
508.99999999999994 -286.0
510.0 -285.0
514.0 -284.0
522.0 -279.0
531.0 -274.0
536.0 -271.0
538.0 -269.0
536.0 -270.0
531.0 -273.0
527.0 -275.0
520.0 -279.0
511.00000000000006 -284.0
508.0 -287.0
512.0 -284.0
515.0 -283.0
521.0 -279.0
531.0 -274.0
535.0 -271.0
537.0 -270.0
536.0 -270.0
530.0 -273.0
526.0 -275.0
521.0 -279.0
511.00000000000006 -284.0
508.0 -287.0
511.00000000000006 -285.0
513.0 -284.0
521.0 -280.0
531.0 -274.0
531.0 -273.0
535.0 -271.0
534.0 -271.0
533.0 -272.0
532.0 -272.0
526.0 -276.0
520.0 -279.0
511.00000000000006 -285.0
508.0 -287.0
510.0 -285.0
515.0 -283.0
522.0 -279.0
531.0 -274.0
534.0 -271.0
534.0 -272.0
533.0 -272.0
527.0 -275.0
527.0 -276.0
520.0 -280.0
511.00000000000006 -285.0
508.0 -287.0
510.0 -286.0
513.0 -284.0
522.0 -279.0
532.0 -273.0
535.0 -271.0
537.0 -269.0
536.0 -270.0
535.0 -271.0
528.0 -275.0
525.0 -276.0
520.0 -279.0
512.0 -284.0
507.00000000000006 -287.0
506.0 -287.0
510.0 -286.0
515.0 -283.0
522.0 -279.0
532.0 -273.0
534.0 -272.0
536.0 -270.0
534.0 -271.0
528.0 -275.0
525.0 -276.0
519.0 -280.0
511.00000000000006 -284.0
507.00000000000006 -287.0
508.0 -287.0
513.0 -284.0
522.0 -279.0
532.0 -273.0
534.0 -271.0
535.0 -271.0
534.0 -271.0
528.0 -275.0
525.0 -276.0
520.0 -280.0
512.0 -284.0
508.0 -287.0
508.0 -287.0
513.0 -284.0
521.0 -280.0
531.0 -274.0
534.0 -272.0
533.0 -272.0
532.0 -273.0
525.0 -277.0
517.0 -281.0
508.99999999999994 -286.0
507.00000000000006 -287.0
511.00000000000006 -285.0
515.0 -283.0
520.0 -280.0
529.0 -275.0
533.0 -272.0
536.0 -270.0
535.0 -271.0
529.0 -274.0
525.0 -276.0
518.0 -281.0
508.99999999999994 -285.0
506.0 -287.0
510.0 -285.0
515.0 -283.0
520.0 -280.0
530.0 -275.0
533.0 -272.0
536.0 -270.0
535.0 -271.0
534.0 -272.0
528.0 -275.0
523.0 -278.0
519.0 -280.0
511.00000000000006 -284.0
513.0 -284.0
520.0 -280.0
529.0 -275.0
529.0 -275.0
533.0 -272.0
533.0 -272.0
531.0 -273.0
526.0 -276.0
519.0 -280.0
510.0 -285.0
504.99999999999994 -288.0
508.99999999999994 -286.0
514.0 -284.0
515.0 -283.0
520.0 -280.0
530.0 -275.0
532.0 -273.0
536.0 -270.0
542.0 -266.0
541.0 -266.0
540.0 -267.0
540.0 -267.0
534.0 -271.0
526.0 -275.0
524.0 -277.0
517.0 -281.0
508.99999999999994 -285.0
504.99999999999994 -288.0
300.99999999999994 -338.99999999999994
300.0 -338.99999999999994
300.0 -338.0
303.00000000000006 -338.99999999999994
308.0 -338.99999999999994
310.0 -338.99999999999994
312.99999999999994 -338.99999999999994
315.00000000000006 -338.99999999999994
323.00000000000006 -338.99999999999994
323.00000000000006 -338.99999999999994
332.0 -338.99999999999994
338.0 -338.0
340.99999999999994 -338.0
350.0 -337.0
356.0 -337.0
360.0 -336.0
366.0 -335.00000000000006
370.0 -335.00000000000006
378.0 -334.0
384.99999999999994 -333.0
387.00000000000006 -332.0
396.0 -331.0
399.00000000000006 -329.99999999999994
407.00000000000006 -328.0
412.0 -327.0
412.0 -327.0
412.0 -327.0
412.0 -327.0
416.0 -326.00000000000006
424.0 -324.0
431.00000000000006 -322.0
438.0 -319.0
440.99999999999994 -318.0
446.0 -316.0
450.0 -315.0
454.0 -314.0
454.0 -314.0
454.0 -313.0
452.99999999999994 -314.0
452.99999999999994 -314.0
452.0 -314.0
452.99999999999994 -314.0
452.99999999999994 -314.0
452.99999999999994 -314.0
452.99999999999994 -314.0
452.0 -314.0
452.0 -314.0
452.0 -314.0
452.99999999999994 -314.0
452.99999999999994 -314.0
452.99999999999994 -314.0
452.0 -314.0
452.0 -314.0
452.0 -314.0
452.0 -314.0
452.99999999999994 -314.0
452.0 -314.0
452.0 -314.0
459.00000000000006 -312.0
459.00000000000006 -311.0
460.99999999999994 -311.0
466.0 -308.0
474.0 -305.0
483.00000000000006 -301.0
484.0 -300.0
486.0 -300.0
484.99999999999994 -300.0
484.99999999999994 -300.0
491.00000000000006 -297.0
492.0 -297.0
499.00000000000006 -293.0
502.0 -291.0
504.99999999999994 -290.0
512.0 -286.0
517.0 -283.0
520.0 -281.0
520.0 -281.0
519.0 -281.0
519.0 -281.0
519.0 -281.0
518.0 -282.0
518.0 -282.0
518.0 -282.0
519.0 -281.0
520.0 -281.0
521.0 -280.0
523.0 -278.0
524.0 -277.0
526.0 -275.0
528.0 -274.0
531.0 -272.0
533.0 -270.0
535.0 -268.0
537.0 -266.0
539.0 -264.0
544.0 -261.0
545.9999999999999 -259.0
547.0 -257.0
548.0 -255.00000000000003
550.0000000000001 -254.0
552.0 -252.0
553.0 -250.0
553.9999999999999 -249.0
555.0 -247.0
556.0 -246.00000000000003
558.0000000000001 -244.0
559.0 -242.0
561.0 -240.0
561.9999999999999 -238.99999999999997
563.0 -237.00000000000003
564.0 -235.0
566.0000000000001 -233.0
567.0 -231.0
567.0 -229.99999999999997
567.0 -229.99999999999997
567.0 -229.99999999999997
567.0 -229.99999999999997
567.0 -229.99999999999997
567.0 -231.0
567.0 -231.0
567.0 -231.0
566.0000000000001 -232.0
564.0 -233.0
563.0 -234.0
561.9999999999999 -235.0
561.0 -236.0
561.0 -238.0
559.0 -240.0
558.0000000000001 -242.0
557.0 -243.0
556.0 -243.0
556.0 -243.0
556.0 -243.0
557.0 -243.0
557.0 -243.0
557.0 -243.0
557.0 -243.0
556.0 -243.0
557.0 -243.0
557.0 -243.0
557.0 -243.0
559.0 -241.0
560.0 -238.99999999999997
561.9999999999999 -237.00000000000003
564.0 -235.0
561.0 -235.0
561.9999999999999 -235.0
561.9999999999999 -234.0
561.9999999999999 -234.0
561.9999999999999 -234.0
561.9999999999999 -233.0
563.0 -233.0
563.0 -233.0
563.0 -233.0
561.9999999999999 -234.0
561.0 -234.0
561.0 -235.0
560.0 -236.0
559.0 -238.0
557.0 -240.0
555.0 -242.0
555.0 -243.0
555.0 -243.0
555.0 -243.0
555.0 -243.0
555.0 -243.0
555.0 -243.0
555.0 -243.0
555.0 -243.0
556.0 -243.0
556.0 -243.0
557.0 -242.0
558.0000000000001 -241.0
559.0 -238.99999999999997
563.0 -236.0
564.0 -234.0
565.0 -233.0
566.0000000000001 -232.0
566.0000000000001 -232.0
566.0000000000001 -232.0
566.0000000000001 -232.0
566.0000000000001 -232.0
566.0000000000001 -232.0
566.0000000000001 -232.0
565.0 -232.0
565.0 -233.0
563.0 -234.0
561.9999999999999 -235.0
560.0 -238.0
560.0 -238.99999999999997
559.0 -240.0
558.0000000000001 -240.0
559.0 -240.0
559.0 -240.0
559.0 -240.0
559.0 -240.0
559.0 -240.0
559.0 -240.0
559.0 -240.0
561.0 -238.99999999999997
561.9999999999999 -237.00000000000003
563.0 -235.0
565.0 -233.0
566.0000000000001 -231.0
566.0000000000001 -229.99999999999997
566.0000000000001 -229.99999999999997
566.0000000000001 -229.99999999999997
566.0000000000001 -229.99999999999997
566.0000000000001 -231.0
566.0000000000001 -231.0
566.0000000000001 -231.0
565.0 -231.0
565.0 -231.0
563.0 -233.0
563.0 -233.0
561.9999999999999 -234.0
561.0 -236.0
561.0 -237.00000000000003
559.0 -238.99999999999997
558.0000000000001 -241.0
557.0 -242.0
557.0 -242.0
557.0 -242.0
557.0 -242.0
557.0 -242.0
558.0000000000001 -242.0
558.0000000000001 -242.0
557.0 -242.0
557.0 -242.0
557.0 -242.0
558.0000000000001 -242.0
558.0000000000001 -242.0
559.0 -241.0
561.0 -238.99999999999997
561.9999999999999 -237.00000000000003
563.0 -235.0
565.0 -233.0
566.0000000000001 -232.0
566.0000000000001 -231.0
566.0000000000001 -231.0
566.0000000000001 -231.0
566.0000000000001 -231.0
566.0000000000001 -231.0
566.0000000000001 -231.0
566.0000000000001 -231.0
565.0 -231.0
568.0 -229.99999999999997
568.0 -229.99999999999997
567.0 -231.0
566.0000000000001 -233.0
565.0 -234.0
564.0 -236.0
561.9999999999999 -238.99999999999997
561.0 -241.0
559.0 -243.0
559.0 -243.0
559.0 -243.0
559.0 -244.0
559.0 -244.0
559.0 -243.0
559.0 -243.0
559.0 -243.0
559.0 -243.0
559.0 -243.0
559.0 -243.0
563.0 -241.0
563.0 -240.0
564.0 -240.0
565.0 -238.0
566.0000000000001 -236.0
567.0 -235.0
568.0 -233.0
569.0 -232.0
569.0 -233.0
569.0 -233.0
568.0 -233.0
568.0 -233.0
568.0 -233.0
568.0 -233.0
568.0 -233.0
567.0 -234.0
565.0 -235.0
564.0 -238.0
561.9999999999999 -238.99999999999997
561.0 -242.0
560.0 -242.0
560.0 -242.0
560.0 -243.0
560.0 -243.0
560.0 -243.0
560.0 -243.0
559.0 -243.0
559.0 -243.0
559.0 -243.0
559.0 -243.0
559.0 -243.0
560.0 -243.0
560.0 -243.0
561.9999999999999 -238.99999999999997
564.0 -237.00000000000003
566.0000000000001 -235.0
294.0 -338.0
294.0 -338.0
294.0 -338.0
294.0 -338.0
288.0 -338.0
283.00000000000006 -337.0
284.0 -337.0
283.00000000000006 -337.0
274.0 -335.00000000000006
262.0 -333.0
259.0 -332.0
292.0 -338.99999999999994
292.0 -338.99999999999994
292.0 -338.0
292.0 -338.0
291.00000000000006 -338.0
287.00000000000006 -338.0
284.0 -337.0
284.99999999999994 -337.0
275.00000000000006 -336.0
262.0 -333.0
258.0 -332.0
252.0 -331.0
248.0 -329.99999999999994
251.0 -329.99999999999994
252.0 -331.0
251.0 -331.0
251.0 -329.99999999999994
250.0 -329.99999999999994
251.0 -329.99999999999994
251.0 -331.0
252.0 -331.0
252.0 -331.0
251.0 -331.0
251.0 -331.0
251.0 -331.0
251.0 -331.0
250.0 -329.99999999999994
248.0 -329.99999999999994
245.0 -329.0
243.0 -328.0
240.0 -327.0
238.0 -327.0
235.0 -325.0
232.0 -324.0
228.0 -323.0
225.0 -322.0
221.0 -320.0
218.0 -318.0
215.0 -317.0
210.0 -314.0
206.0 -312.0
199.0 -309.0
193.0 -306.0
187.0 -303.0
183.0 -301.0
181.0 -299.0
180.0 -299.0
178.0 -297.0
179.0 -298.0
179.0 -298.0
180.0 -298.0
181.0 -298.0
181.0 -298.0
181.0 -298.0
177.0 -296.0
168.0 -291.0
168.0 -291.0
164.0 -288.0
165.0 -288.0
165.0 -288.0
165.0 -288.0
165.0 -288.0
165.0 -288.0
165.0 -288.0
165.0 -288.0
166.0 -288.0
171.0 -290.0
173.0 -291.0
176.0 -292.0
179.0 -293.0
182.0 -294.0
186.0 -295.0
194.0 -298.0
195.0 -299.0
195.0 -299.0
196.0 -299.0
195.0 -299.0
195.0 -299.0
195.0 -298.0
195.0 -299.0
195.0 -299.0
195.0 -299.0
195.0 -299.0
195.0 -299.0
195.0 -299.0
191.0 -297.0
183.0 -292.0
175.0 -288.0
172.0 -286.0
170.0 -284.0
169.0 -283.0
176.0 -286.0
181.0 -288.0
186.0 -290.0
194.0 -293.0
196.0 -294.0
196.0 -294.0
190.0 -291.0
185.0 -287.0
178.0 -283.0
173.0 -280.0
168.0 -276.0
169.0 -276.0
168.0 -275.0
169.0 -275.0
170.0 -276.0
165.0 -273.0
161.0 -270.0
161.0 -270.0
163.0 -271.0
170.0 -274.0
172.0 -275.0
173.0 -275.0
173.0 -275.0
172.0 -275.0
172.0 -275.0
172.0 -275.0
173.0 -275.0
173.0 -275.0
173.0 -275.0
174.0 -276.0
177.0 -277.0
298.0 -338.0
296.99999999999994 -338.99999999999994
296.0 -338.0
296.99999999999994 -338.0
296.99999999999994 -338.99999999999994
292.99999999999994 -338.0
288.0 -337.0
286.0 -337.0
276.0 -335.00000000000006
278.0 -335.00000000000006
272.99999999999994 -335.00000000000006
268.0 -334.0
263.0 -333.0
256.0 -331.0
251.0 -329.99999999999994
242.0 -328.0
236.0 -326.00000000000006
234.0 -326.00000000000006
230.0 -324.0
226.0 -323.0
215.0 -320.0
210.0 -318.0
208.0 -317.0
209.0 -317.0
200.0 -314.0
199.0 -313.0
192.0 -311.0
185.0 -308.0
179.0 -305.0
176.0 -303.0
176.0 -303.0
176.0 -303.0
176.0 -303.0
175.0 -303.0
175.0 -303.0
175.0 -303.0
176.0 -303.0
177.0 -303.0
177.0 -303.0
176.0 -303.0
176.0 -303.0
176.0 -303.0
176.0 -303.0
176.0 -303.0
176.0 -303.0
176.0 -303.0
176.0 -303.0
175.0 -303.0
175.0 -303.0
176.0 -303.0
176.0 -303.0
175.0 -303.0
173.0 -302.0
171.0 -300.0
168.0 -299.0
162.0 -295.0
158.0 -293.0
154.0 -291.0
148.0 -287.0
141.0 -282.0
139.0 -280.0
138.0 -280.0
136.0 -278.0
135.0 -277.0
132.0 -275.0
127.0 -271.0
126.0 -271.0
120.0 -267.0
117.0 -264.0
114.0 -262.0
110.0 -259.0
108.0 -257.0
103.0 -253.0
103.0 -252.0
99.0 -249.0
99.0 -249.0
99.0 -249.0
99.0 -249.0
99.0 -249.0
100.0 -249.0
100.0 -250.0
100.0 -250.0
100.0 -250.0
100.0 -250.0
100.0 -250.0
100.0 -250.0
99.0 -249.0
98.0 -247.99999999999997
98.0 -247.99999999999997
95.0 -244.0
299.00000000000006 -338.99999999999994
299.00000000000006 -338.99999999999994
300.0 -338.99999999999994
300.0 -338.99999999999994
300.0 -338.99999999999994
295.00000000000006 -338.0
292.0 -338.0
290.0 -337.0
279.00000000000006 -336.0
269.0 -334.0
265.0 -333.0
259.0 -332.0
255.0 -331.0
249.0 -329.99999999999994
249.0 -329.99999999999994
249.0 -329.99999999999994
249.0 -329.0
241.0 -328.0
243.0 -328.0
243.0 -328.0
243.0 -328.0
243.0 -328.0
242.0 -328.0
243.0 -328.0
243.0 -328.0
243.0 -328.0
243.0 -328.0
243.0 -328.0
243.0 -328.0
241.0 -328.0
240.0 -327.0
238.0 -327.0
235.0 -326.00000000000006
232.0 -324.0
229.0 -323.0
225.0 -322.0
223.0 -321.0
219.0 -320.0
216.0 -318.0
213.0 -317.0
209.0 -314.0
205.0 -313.0
202.0 -311.0
197.0 -308.0
192.0 -306.0
189.0 -304.0
186.0 -303.0
179.0 -299.0
175.0 -296.0
172.0 -294.0
173.0 -294.0
172.0 -294.0
171.0 -293.0
170.0 -292.0
166.0 -290.0
168.0 -290.0
168.0 -290.0
168.0 -291.0
168.0 -291.0
169.0 -291.0
169.0 -291.0
169.0 -291.0
169.0 -291.0
169.0 -291.0
168.0 -290.0
168.0 -290.0
168.0 -290.0
168.0 -290.0
168.0 -290.0
169.0 -290.0
173.0 -291.0
299.00000000000006 -338.99999999999994
299.00000000000006 -338.0
299.00000000000006 -338.99999999999994
299.00000000000006 -338.99999999999994
300.0 -338.99999999999994
303.00000000000006 -338.99999999999994
308.99999999999994 -338.99999999999994
310.0 -338.99999999999994
314.0 -338.99999999999994
315.00000000000006 -338.99999999999994
315.00000000000006 -338.99999999999994
316.0 -338.99999999999994
320.99999999999994 -338.99999999999994
320.99999999999994 -338.99999999999994
323.00000000000006 -338.99999999999994
326.0 -338.99999999999994
327.00000000000006 -338.99999999999994
328.99999999999994 -338.0
332.0 -338.0
332.0 -338.0
335.00000000000006 -338.0
338.0 -338.0
338.0 -338.0
343.00000000000006 -337.0
346.0 -336.0
348.99999999999994 -336.0
348.99999999999994 -336.0
356.0 -335.00000000000006
360.99999999999994 -334.0
360.99999999999994 -334.0
368.99999999999994 -332.0
376.0 -331.0
382.0 -329.99999999999994
388.0 -329.0
388.0 -329.0
392.0 -328.0
395.00000000000006 -327.0
398.0 -327.0
399.00000000000006 -327.0
398.0 -327.0
400.99999999999994 -327.0
404.99999999999994 -326.00000000000006
404.0 -326.00000000000006
403.00000000000006 -327.0
404.99999999999994 -327.0
410.0 -326.00000000000006
410.0 -326.00000000000006
411.00000000000006 -326.00000000000006
414.0 -326.00000000000006
415.00000000000006 -325.0
418.0 -325.0
422.0 -324.0
423.00000000000006 -323.0
426.0 -323.0
432.0 -321.0
436.0 -320.0
440.99999999999994 -318.0
442.0 -318.0
448.0 -316.0
450.0 -315.0
456.0 -313.0
458.0 -312.0
458.0 -312.0
466.0 -309.0
474.0 -306.0
482.0 -302.0
484.99999999999994 -300.0
487.00000000000006 -299.0
494.0 -296.0
495.00000000000006 -295.0
502.0 -292.0
506.0 -289.0
508.99999999999994 -288.0
516.0 -284.0
520.0 -281.0
522.0 -280.0
522.0 -280.0
522.0 -280.0
521.0 -280.0
521.0 -280.0
521.0 -280.0
520.0 -280.0
520.0 -281.0
521.0 -280.0
521.0 -280.0
521.0 -280.0
520.0 -281.0
520.0 -281.0
520.0 -281.0
520.0 -281.0
520.0 -281.0
520.0 -281.0
520.0 -281.0
519.0 -281.0
519.0 -281.0
520.0 -281.0
522.0 -279.0
524.0 -278.0
525.0 -276.0
527.0 -275.0
529.0 -273.0
531.0 -271.0
534.0 -269.0
535.0 -267.0
537.0 -265.0
540.0 -263.0
541.0 -261.0
543.0 -259.0
545.0 -257.0
547.0 -255.00000000000003
549.0 -253.0
550.0000000000001 -251.0
552.0 -249.0
553.9999999999999 -247.0
555.0 -245.0
556.0 -243.0
558.0000000000001 -242.0
559.0 -240.0
560.0 -238.0
561.9999999999999 -236.0
563.0 -234.0
561.9999999999999 -234.0
563.0 -232.0
563.0 -232.0
563.0 -232.0
563.0 -232.0
563.0 -232.0
563.0 -232.0
563.0 -232.0
563.0 -232.0
561.9999999999999 -233.0
561.0 -233.0
561.0 -233.0
561.0 -234.0
559.0 -236.0
557.0 -238.99999999999997
556.0 -240.0
553.9999999999999 -243.0
553.9999999999999 -244.0
553.9999999999999 -244.0
553.9999999999999 -244.0
553.9999999999999 -244.0
553.9999999999999 -244.0
553.9999999999999 -244.0
553.9999999999999 -244.0
553.9999999999999 -244.0
555.0 -243.0
556.0 -241.0
557.0 -240.0
558.0000000000001 -238.99999999999997
559.0 -238.0
560.0 -237.00000000000003
561.0 -235.0
561.9999999999999 -233.0
563.0 -231.0
564.0 -231.0
564.0 -231.0
564.0 -231.0
564.0 -231.0
563.0 -231.0
563.0 -231.0
563.0 -231.0
563.0 -232.0
561.9999999999999 -232.0
561.9999999999999 -232.0
561.9999999999999 -232.0
561.0 -233.0
560.0 -235.0
559.0 -237.00000000000003
559.0 -238.0
558.0000000000001 -238.99999999999997
558.0000000000001 -238.99999999999997
558.0000000000001 -238.99999999999997
558.0000000000001 -238.99999999999997
559.0 -238.99999999999997
559.0 -238.99999999999997
559.0 -238.99999999999997
559.0 -238.99999999999997
559.0 -238.99999999999997
560.0 -238.0
561.0 -236.0
563.0 -234.0
564.0 -232.0
566.0000000000001 -229.99999999999997
566.0000000000001 -229.0
566.0000000000001 -229.0
569.9999999999999 -226.0
571.0 -225.0
569.9999999999999 -226.0
569.9999999999999 -226.0
569.9999999999999 -226.0
569.9999999999999 -226.0
569.9999999999999 -226.0
569.0 -227.0
567.0 -228.00000000000003
566.0000000000001 -231.0
564.0 -233.0
563.0 -235.0
561.0 -238.0
560.0 -240.0
559.0 -242.0
558.0000000000001 -243.0
558.0000000000001 -243.0
558.0000000000001 -243.0
558.0000000000001 -243.0
558.0000000000001 -243.0
558.0000000000001 -243.0
558.0000000000001 -243.0
558.0000000000001 -243.0
558.0000000000001 -242.0
560.0 -241.0
561.0 -240.0
561.9999999999999 -238.0
563.0 -237.00000000000003
564.0 -235.0
565.0 -234.0
566.0000000000001 -232.0
567.0 -231.0
567.0 -231.0
566.0000000000001 -231.0
566.0000000000001 -231.0
566.0000000000001 -231.0
566.0000000000001 -232.0
565.0 -232.0
565.0 -233.0
565.0 -233.0
565.0 -233.0
563.0 -234.0
561.9999999999999 -236.0
561.0 -237.00000000000003
560.0 -240.0
559.0 -241.0
559.0 -241.0
559.0 -241.0
559.0 -241.0
559.0 -241.0
559.0 -241.0
559.0 -241.0
559.0 -241.0
561.0 -240.0
561.9999999999999 -238.0
563.0 -236.0
565.0 -234.0
566.0000000000001 -233.0
567.0 -229.99999999999997
568.0 -229.0
569.0 -228.00000000000003
569.0 -227.0
569.9999999999999 -226.0
569.9999999999999 -226.0
569.9999999999999 -226.0
569.9999999999999 -226.0
569.0 -226.0
569.0 -226.0
569.0 -226.0
569.0 -227.0
568.0 -228.00000000000003
566.0000000000001 -229.0
565.0 -232.0
563.0 -234.0
561.9999999999999 -236.0
561.0 -238.0
559.0 -241.0
558.0000000000001 -242.0
558.0000000000001 -242.0
558.0000000000001 -242.0
553.0 -245.0
553.9999999999999 -245.0
553.9999999999999 -245.0
553.9999999999999 -245.0
553.9999999999999 -245.0
555.0 -244.0
556.0 -242.0
556.0 -242.0
559.0 -238.99999999999997
560.0 -237.00000000000003
561.0 -235.0
563.0 -233.0
563.0 -232.0
563.0 -232.0
563.0 -233.0
563.0 -233.0
563.0 -233.0
561.0 -234.0
560.0 -234.0
560.0 -234.0
560.0 -235.0
558.0000000000001 -236.0
557.0 -238.0
557.0 -238.99999999999997
556.0 -238.99999999999997
557.0 -238.99999999999997
557.0 -238.99999999999997
557.0 -238.99999999999997
557.0 -238.99999999999997
557.0 -238.99999999999997
557.0 -238.99999999999997
557.0 -238.99999999999997
557.0 -238.99999999999997
559.0 -238.0
559.0 -238.0
292.0 -338.0
292.99999999999994 -338.0
292.99999999999994 -338.0
292.99999999999994 -338.0
288.0 -338.0
290.0 -338.0
288.99999999999994 -338.0
283.00000000000006 -337.0
283.00000000000006 -337.0
272.99999999999994 -335.00000000000006
261.0 -333.0
258.0 -332.0
251.0 -331.0
252.0 -331.0
253.0 -331.0
253.0 -331.0
253.0 -331.0
253.0 -331.0
253.0 -331.0
254.0 -331.0
254.0 -331.0
254.0 -331.0
254.0 -332.0
254.0 -331.0
254.0 -331.0
254.0 -331.0
256.0 -332.0
254.0 -331.0
251.0 -329.99999999999994
249.0 -329.99999999999994
247.0 -329.0
243.0 -328.0
239.0 -326.00000000000006
237.0 -325.0
234.0 -324.0
231.0 -323.0
228.0 -322.0
225.0 -321.0
219.0 -318.0
215.0 -317.0
209.0 -314.0
206.0 -312.0
203.0 -311.0
202.0 -310.0
197.0 -308.0
189.0 -304.0
185.0 -302.0
181.0 -299.0
181.0 -299.0
185.0 -300.0
188.0 -301.0
195.0 -303.0
198.0 -304.0
203.0 -306.0
208.0 -307.0
214.0 -309.0
215.0 -309.0
222.0 -311.0
227.0 -312.0
231.0 -313.0
238.0 -314.0
238.0 -314.0
238.0 -315.0
230.0 -313.0
231.0 -313.0
230.0 -313.0
229.0 -312.0
222.0 -311.0
215.0 -308.0
213.0 -307.0
214.0 -307.0
220.0 -309.0
227.0 -310.0
232.0 -311.0
237.0 -312.0
237.0 -312.0
236.0 -312.0
228.0 -310.0
227.0 -310.0
214.0 -306.0
214.0 -306.0
215.0 -306.0
215.0 -306.0
215.0 -306.0
209.0 -305.0
205.0 -302.0
206.0 -302.0
213.0 -304.0
218.0 -305.0
223.0 -307.0
229.0 -308.0
233.0 -309.0
238.0 -310.0
237.0 -310.0
229.0 -308.0
228.0 -307.0
220.0 -306.0
221.0 -306.0
222.0 -306.0
230.0 -308.0
233.0 -309.0
240.0 -310.0
239.0 -310.0
230.0 -308.0
228.0 -307.0
227.0 -307.0
221.0 -306.0
221.0 -306.0
219.0 -305.0
219.0 -304.0
222.0 -305.0
220.0 -304.0
213.0 -301.0
213.0 -300.0
216.0 -301.0
225.0 -303.0
229.0 -304.0
236.0 -306.0
236.0 -306.0
236.0 -306.0
227.0 -303.0
221.0 -302.0
211.0 -298.0
208.0 -297.0
217.0 -299.0
222.0 -301.0
231.0 -303.0
234.0 -304.0
240.0 -305.0
238.0 -305.0
231.0 -303.0
227.0 -302.0
220.0 -300.0
215.0 -299.0
218.0 -299.0
222.0 -300.0
231.0 -303.0
235.0 -304.0
242.0 -305.0
239.0 -305.0
232.0 -303.0
232.0 -303.0
220.0 -300.0
215.0 -298.0
210.0 -297.0
210.0 -297.0
220.0 -300.0
224.0 -301.0
231.0 -303.0
235.0 -304.0
242.0 -305.0
239.0 -305.0
232.0 -303.0
228.0 -302.0
220.0 -300.0
217.0 -299.0
217.0 -299.0
224.0 -301.0
233.0 -303.0
236.0 -304.0
241.0 -305.0
240.0 -305.0
233.0 -303.0
228.0 -302.0
221.0 -300.0
216.0 -299.0
217.0 -299.0
224.0 -301.0
233.0 -303.0
236.0 -304.0
243.0 -306.0
242.0 -306.0
242.0 -305.0
241.0 -305.0
232.0 -303.0
228.0 -302.0
221.0 -300.0
217.0 -299.0
217.0 -299.0
223.0 -301.0
232.0 -303.0
236.0 -304.0
243.0 -306.0
241.0 -305.0
232.0 -303.0
228.0 -302.0
222.0 -301.0
217.0 -299.0
218.0 -299.0
224.0 -301.0
232.0 -303.0
236.0 -304.0
242.0 -305.0
241.0 -305.0
232.0 -303.0
229.0 -302.0
229.0 -302.0
223.0 -301.0
223.0 -301.0
224.0 -301.0
232.0 -303.0
232.0 -303.0
236.0 -304.0
236.0 -304.0
229.0 -303.0
221.0 -301.0
223.0 -301.0
223.0 -301.0
232.0 -303.0
236.0 -304.0
234.0 -303.0
229.0 -301.0
221.0 -299.0
216.0 -297.0
216.0 -297.0
218.0 -297.0
225.0 -299.0
232.0 -301.0
232.0 -301.0
234.0 -301.0
233.0 -301.0
228.0 -300.0
296.0 -338.0
296.0 -338.0
296.0 -338.0
300.99999999999994 -338.99999999999994
307.00000000000006 -338.99999999999994
308.99999999999994 -338.99999999999994
312.0 -338.99999999999994
316.99999999999994 -338.99999999999994
324.0 -338.99999999999994
324.99999999999994 -338.99999999999994
335.00000000000006 -338.0
340.99999999999994 -338.0
344.0 -338.0
354.0 -337.0
355.00000000000006 -337.0
356.0 -337.0
356.99999999999994 -337.0
356.99999999999994 -337.0
356.99999999999994 -337.0
356.0 -337.0
355.00000000000006 -337.0
352.99999999999994 -337.0
352.0 -337.0
352.0 -337.0
352.0 -337.0
351.00000000000006 -337.0
350.0 -337.0
350.0 -337.0
351.00000000000006 -337.0
352.0 -337.0
346.0 -336.0
342.0 -336.0
336.0 -336.0
336.0 -336.0
336.0 -336.0
342.0 -335.00000000000006
348.0 -335.00000000000006
352.99999999999994 -334.0
359.00000000000006 -333.0
359.00000000000006 -333.0
358.0 -334.0
358.0 -333.0
351.00000000000006 -333.0
347.00000000000006 -333.0
296.0 -338.0
296.0 -338.0
295.00000000000006 -338.0
296.0 -338.0
290.0 -338.0
287.00000000000006 -337.0
287.00000000000006 -337.0
275.00000000000006 -335.00000000000006
265.0 -333.0
267.0 -334.0
268.0 -334.0
268.0 -334.0
269.0 -334.0
269.0 -334.0
268.0 -334.0
268.0 -334.0
268.0 -334.0
269.0 -334.0
269.0 -334.0
269.0 -334.0
269.0 -334.0
269.0 -334.0
269.0 -334.0
266.0 -333.0
263.0 -333.0
261.0 -332.0
257.0 -331.0
255.0 -331.0
252.0 -329.99999999999994
249.0 -329.0
243.0 -327.0
242.0 -327.0
242.0 -327.0
242.0 -327.0
242.0 -327.0
242.0 -327.0
234.0 -324.0
229.0 -322.0
220.0 -319.0
213.0 -316.0
209.0 -314.0
206.0 -312.0
205.0 -312.0
207.0 -312.0
198.0 -308.0
189.0 -304.0
184.0 -301.0
181.0 -300.0
182.0 -300.0
185.0 -301.0
189.0 -302.0
194.0 -303.0
195.0 -303.0
195.0 -303.0
203.0 -306.0
211.0 -308.0
215.0 -309.0
221.0 -310.0
224.0 -311.0
229.0 -312.0
238.0 -314.0
242.0 -315.0
248.0 -316.0
255.0 -317.0
258.0 -318.0
257.0 -318.0
256.0 -318.0
252.0 -317.0
244.0 -315.0
236.0 -313.0
237.0 -314.0
237.0 -313.0
238.0 -314.0
243.0 -315.0
241.0 -313.0
243.0 -313.0
244.0 -313.0
248.0 -314.0
248.0 -314.0
248.0 -314.0
241.0 -313.0
236.0 -311.0
221.0 -307.0
221.0 -306.0
229.0 -308.0
232.0 -309.0
242.0 -311.0
250.0 -313.0
249.0 -313.0
252.0 -313.0
250.0 -313.0
243.0 -311.0
240.0 -310.0
240.0 -309.0
241.0 -310.0
246.0 -311.0
254.0 -312.0
256.0 -313.0
257.0 -313.0
252.0 -312.0
245.0 -310.0
238.0 -309.0
231.0 -307.0
224.0 -305.0
226.0 -306.0
228.0 -306.0
236.0 -308.0
243.0 -310.0
247.0 -311.0
248.0 -310.0
250.0 -310.0
251.0 -311.0
246.0 -310.0
238.0 -308.0
231.0 -306.0
226.0 -305.0
227.0 -305.0
236.0 -307.0
241.0 -309.0
250.0 -310.0
253.0 -311.0
258.0 -312.0
256.0 -311.0
248.0 -310.0
246.0 -310.0
240.0 -308.0
234.0 -307.0
234.0 -307.0
240.0 -308.0
249.0 -310.0
254.0 -311.0
261.0 -312.0
265.0 -313.0
263.0 -313.0
254.0 -311.0
248.0 -310.0
246.0 -310.0
240.0 -308.0
233.0 -307.0
227.0 -305.0
219.0 -303.0
222.0 -303.0
228.0 -305.0
238.0 -307.0
243.0 -309.0
251.0 -310.0
253.0 -311.0
260.0 -312.0
257.0 -312.0
250.0 -310.0
247.0 -310.0
241.0 -308.0
234.0 -307.0
227.0 -305.0
227.0 -305.0
228.0 -305.0
238.0 -307.0
241.0 -308.0
249.0 -310.0
253.0 -311.0
260.0 -312.0
258.0 -312.0
250.0 -310.0
247.0 -310.0
241.0 -308.0
234.0 -307.0
227.0 -305.0
228.0 -305.0
237.0 -307.0
243.0 -309.0
250.0 -310.0
253.0 -311.0
261.0 -312.0
259.0 -312.0
258.0 -312.0
250.0 -310.0
235.0 -306.0
227.0 -303.0
220.0 -301.0
220.0 -301.0
227.0 -303.0
237.0 -306.0
241.0 -307.0
242.0 -307.0
248.0 -308.0
252.0 -309.0
251.0 -308.0
247.0 -307.0
245.0 -307.0
246.0 -307.0
238.0 -305.0
238.0 -305.0
232.0 -303.0
234.0 -304.0
236.0 -304.0
237.0 -305.0
243.0 -306.0
248.0 -307.0
244.0 -305.0
243.0 -304.0
243.0 -304.0
244.0 -304.0
253.0 -306.0
258.0 -307.0
265.0 -308.0
264.0 -308.0
258.0 -307.0
249.0 -305.0
243.0 -304.0
239.0 -303.0
234.0 -302.0
235.0 -302.0
240.0 -303.0
248.0 -305.0
254.0 -306.0
258.0 -307.0
256.0 -306.0
248.0 -305.0
243.0 -304.0
239.0 -303.0
235.0 -302.0
235.0 -302.0
240.0 -303.0
247.0 -304.0
254.0 -306.0
259.0 -307.0
257.0 -307.0
250.0 -305.0
242.0 -304.0
237.0 -302.0
236.0 -302.0
237.0 -302.0
241.0 -303.0
248.0 -305.0
254.0 -306.0
259.0 -307.0
258.0 -307.0
250.0 -305.0
243.0 -304.0
237.0 -303.0
236.0 -302.0
236.0 -302.0
240.0 -303.0
249.0 -305.0
254.0 -306.0
259.0 -307.0
257.0 -307.0
250.0 -305.0
242.0 -304.0
239.0 -303.0
238.0 -303.0
237.0 -303.0
240.0 -303.0
248.0 -305.0
253.0 -306.0
259.0 -307.0
258.0 -307.0
258.0 -307.0
251.0 -306.0
243.0 -304.0
238.0 -303.0
236.0 -302.0
236.0 -302.0
242.0 -304.0
246.0 -305.0
255.0 -306.0
259.0 -307.0
257.0 -307.0
250.0 -305.0
244.0 -304.0
240.0 -303.0
237.0 -302.0
237.0 -302.0
240.0 -303.0
247.0 -305.0
255.0 -306.0
259.0 -307.0
257.0 -307.0
249.0 -305.0
243.0 -304.0
239.0 -303.0
237.0 -303.0
237.0 -303.0
241.0 -303.0
248.0 -305.0
255.0 -306.0
259.0 -307.0
257.0 -307.0
250.0 -305.0
244.0 -304.0
240.0 -303.0
236.0 -302.0
237.0 -303.0
241.0 -303.0
248.0 -305.0
256.0 -306.0
259.0 -307.0
258.0 -307.0
250.0 -305.0
244.0 -304.0
244.0 -304.0
298.0 -338.99999999999994
296.99999999999994 -338.0
296.0 -338.0
296.0 -338.0
290.0 -338.0
287.00000000000006 -337.0
287.00000000000006 -337.0
276.99999999999994 -335.00000000000006
263.0 -333.0
261.0 -332.0
298.0 -338.99999999999994
298.0 -338.99999999999994
299.00000000000006 -338.99999999999994
302.0 -338.99999999999994
307.00000000000006 -338.99999999999994
308.99999999999994 -338.99999999999994
312.99999999999994 -338.99999999999994
320.0 -338.99999999999994
326.0 -338.99999999999994
328.0 -338.99999999999994
336.0 -338.99999999999994
340.0 -338.0
346.0 -338.0
346.0 -338.0
352.99999999999994 -337.0
360.0 -337.0
363.00000000000006 -336.0
368.99999999999994 -335.00000000000006
374.0 -335.00000000000006
374.0 -335.00000000000006
382.0 -333.0
388.0 -332.0
392.0 -331.0
400.0 -329.99999999999994
402.0 -329.0
410.0 -327.0
415.00000000000006 -326.00000000000006
415.00000000000006 -326.00000000000006
420.99999999999994 -324.0
426.0 -323.0
432.99999999999994 -321.0
