0.0
0.0
0.0
0.0
0.0
0.0
0.0
0.0
0.0
0.0
0.0
0.0
0.0
0.0
0.0
0.0
0.0
0.0
0.0
0.0
0.0
0.0
0.0
0.0
0.0
0.0
0.0
0.0
0.0
0.0
0.0
0.0
0.0
0.0
0.0
0.0
0.0
0.0
0.0
0.0
0.0
0.0
0.0
0.0
0.0
0.0
0.0
0.0
0.0
0.0
0.0
0.0
0.0
0.0
0.0
0.0
0.0
0.0
0.0
0.0
0.0
0.0
0.0
0.0
0.0
0.0
0.0
0.0
0.0
0.0
0.0
0.0
0.0
0.0
0.0
0.0
0.0
0.0
0.0
0.0
0.0
0.0
0.0
0.0
0.0
0.0
0.0
0.0
0.0
0.0
0.0
0.0
0.0
0.0
0.0
0.0
0.0
0.0
0.0
0.0
0.0
0.3522288240739052
0.12295897472773167
0.0852227430175809
0.06873208617693499
0.0545646921540333
0.04401117701404142
0.044007606384967334
0.04272104498763748
0.041288406355306506
0.041455614266165515
0.041667560979292015
0.04106790256618664
0.04095836413025067
0.040679646668252564
0.0404578195336987
0.04000387651636111
0.039470802955576124
0.039710180044470245
0.03826341220479927
0.03728050901554525
0.03661498154778749
0.03339061513543129
0.037627995014190674
0.0362258101974068
0.03557004709265485
0.035072957282725546
0.036072436753394346
0.03590168724983733
0.03496631010411642
0.03471180834862965
0.03494378412142396
0.03399328907708759
0.030811970122158527
0.034398628226080474
0.03250995565924728
0.03868510574102402
0.03304701057021265
0.03228838674724102
0.03374123440080921
0.03351134048244416
0.03405754038730994
0.03431917627652486
0.03411934637399607
0.03400595035663871
0.03268435854336311
0.03209038123410816
0.032521500838118673
0.03339380696909317
0.034057188271121544
0.03327329493393855
0.03251328365239378
0.03259542060164821
0.03237780395217917
0.032448677583174275
0.03093445072458549
0.031789962078956575
0.03260624501854181
0.03177858353746648
0.032015565782785416
0.03048487170373352
0.030161678532002776
0.029899782223614637
0.03000381588935852
0.02997590693959732
0.028759615101068225
0.029293350514252574
0.02787870801985264
0.029381014343540547
0.029747553855965014
0.028435842362263344
0.029761345125734806
0.02780776549602898
0.02695879635625872
0.02692869799616544
0.02703818694377939
0.02736015385016799
0.02624180984516807
0.026708425155707767
0.02545387527307138
0.025764994609814424
0.02557672094553709
0.026325590920862774
0.025832202643254736
0.02544137802197049
0.024965981707761164
0.025656994166118757
0.024728984478861092
0.02523536001955042
0.02469847869711468
0.024396292902282533
0.024849028832565144
0.02607371506476125
0.024665064603978434
0.024404707891137703
0.023972235299301464
0.023329883240736447
0.023946745913814415
0.022427223516362053
0.022735231426476644
0.02260185652770675
0.023071379801690182
0.023364433710346157
0.02449938381447437
0.025641500426471727
0.02660106663115141
0.028134303788344067
0.025220839726115694
0.025273755168085856
0.024242778820608626
0.02381160385197117
0.024173048318715286
0.022834549319337715
0.02382725633878187
0.02314240164709407
0.02223375994002535
0.022356414649364175
0.022741463966667652
0.022004725169632342
0.021179869748829377
0.022175210811521694
0.02179566899107562
0.022018062110458102
0.022482886393037107
0.02203739724362528
0.022497524084015327
0.02203550910646165
0.02105739310656379
0.022736176050135067
0.02140999480110148
0.021112570953038003
0.02086622810719029
0.020884563967536223
0.020579530458365167
0.020451761893928052
0.020657989227523408
0.02067345222113309
0.02103321525183591
0.02077704894620536
0.021058509924582074
0.02074438902652926
0.02075658385820736
0.020094786866985518
0.020563782576252434
0.02018756800819011
0.020409174263477325
0.02031772405925122
0.022438514977693558
0.01912913516001857
0.020282033470369155
0.020609116048685143
0.019939917964594704
0.0197770559144291
0.019975528033683077
0.023240618873387575
0.01950608015888267
0.020358613698391724
0.01871121550599734
0.019990065614027636
0.019462854637262914
0.020079419016838074
0.0235075576023923
0.019266893682272537
0.019929370733889493
0.01954152536663142
0.018900389472643535
0.01952568076501619
0.019050118549225423
0.019464523768022893
0.018932084633123795
0.01878262407405943
0.018688678459236115
0.019073057636026514
0.019387310318086506
0.018636267039586197
0.01874827485013482
0.018913520766156062
0.018130223914388788
0.01806236301991539
0.017656472906322274
0.01794654275977709
0.017005129579316686
0.017577542164763867
0.017421634374371428
0.01727006230379967
0.017806896501967054
0.018597415703184465
0.017934506715873613
0.018376924251730473
0.017638684487191296
0.017600008811897192
0.017498668264721007
0.01661978956932823
0.019630274424950283
0.017266295054643756
0.017008001674656516
0.01809797864407301
0.017415266662885415
0.016915599948593547
0.01718997073777277
0.016965587260889127
0.01718800479780562
0.017252083505607314
0.01679196171709244
0.017099105333253532
0.01628186356967056
0.016277963898971046
0.01617549786603214
0.016121047251443896
0.016468536108732224
0.016309669383166248
0.016531861076752346
0.016044779594321518
0.015647482546046376
0.016480531258223293
0.01643819259541319
0.016465582017754686
0.016354858378569283
0.016550256907209463
0.016863246373832227
0.016203731958390467
0.016142739355564116
0.015931755509227513
0.01606453196244671
0.0162935606462674
0.016261273729830782
0.017537212265389308
0.016197588839209996
0.016205072068633176
0.016609405315425617
0.016346724769391585
0.016288636784468378
0.015930343517996617
0.015890590646969422
0.015801463325489436
0.015514882390989977
0.015752596009695374
0.01545973616769377
0.015422255781460677
0.015401734409249381
0.015249700877593447
0.01485306753412537
0.015552034903786436
0.01580094123402467
0.01693670896948963
0.016690001751367863
0.016704974996466792
0.01754826196278168
0.017518202509646388
0.01625294717294829
0.017080746247570534
0.017282070119220477
0.017789488099515437
0.018904109485447407
0.016702612728944848
0.017095345697414718
0.018304995144717395
0.017998967977131113
0.016961929179839234
0.01704298722748922
0.016990521139409763
0.015682650078088046
0.017235063901171088
0.016493338866737383
0.01674172469716988
0.01651728463669618
0.016390786434595402
0.014790190539012352
0.016723930336140246
0.016560155466593653
0.01646611090157403
0.016780786572045153
0.015915594392401332
0.016517219961517386
0.015241630718504129
0.016105736171808636
0.01599891357962659
0.015660920561375944
0.016211546371561407
0.017025393413622743
0.016610911915224073
0.0162579170004888
0.015573465637862683
0.016358917288016528
0.016682065691199753
0.016498051044580183
0.015793384558388166
0.018725741033752758
0.016104556663294897
0.016717057433669216
0.016341185121721512
0.016874826241852037
0.01667128543097836
0.017579349760825817
0.017093475088477136
0.015967155744632085
0.01657357213397821
0.0164655362262039
0.016995260001797425
0.016987563117055703
0.017124065500221504
0.017741493337991222
0.015332434326410294
0.018095401263682642
0.017255021871900873
0.01744831835385412
0.01780400783704814
0.017030912717538222
0.017673271900528798
0.017491961549967527
0.017595604481483926
0.017864158526728197
0.017478115646771982
0.017257454792740722
0.01836380806931278
0.017781788628781214
0.019055646153226975
0.01845414857207625
0.01772086919043903
0.018325074124291088
0.017739210263684843
0.017561130569842848
0.01784420059993863
0.017933090149265963
0.017562450285055743
0.017371133717080187
0.017619211166616407
0.01744746801054833
0.017480203690661104
0.01735576317677724
0.01735569497212669
0.01799663652976354
0.01718148080682432
0.01710304751104077
0.01726174329882426
0.017548423920394175
0.017526645056275
0.017486291376269416
0.01744091348562217
0.017314614253180313
0.016846716885041718
0.01679698659930951
0.016869878328547177
0.01688051147949557
0.017009546980261803
0.016915967361076385
0.01686871299170889
0.016451186500489712
0.018787143751978874
0.016659437190918697
0.016429237316589098
0.015574217618753513
0.016582690979958625
0.017015366291642683
0.01719147397670895
0.015977572235796187
0.01498591061681509
0.016842653617164156
0.01742747063852019
0.016696485061667217
0.01807903464262684
0.01658554437259833
0.01625160669738596
0.01789390105162038
0.017040991263153654
0.02007865533232689
0.01690091182374292
0.01656078970214973
0.017056364052254577
0.01744915801100433
0.017222412370822646
0.017383112995461983
0.017295246605917945
0.017109708413481712
0.01812404434856595
0.019146265066934353
0.018837421952763146
0.018515793428591946
0.018444539547361284
0.018013366259252414
0.017676739115267993
0.017629142280723622
0.017472361424006523
0.017932641602149517
0.017451562120446136
0.017810101530724955
0.017942467362930377
0.01747152167341567
0.01793765076802353
0.01781215990541984
0.017182546026313937
0.017542518209666014
0.017454340850235894
0.017267177165146697
0.016874525554182118
0.016955232020558382
0.017451698053628208
0.016829093627166003
0.016907480791351705
0.01633654289913398
0.01667073169809501
0.01669255822946299
0.016881662019496334
0.016976039058395793
0.016874063445489532
0.016672750934958458
0.017615939247543396
0.018121796979833005
0.017844841298129823
0.01829533821082865
0.017410289806624252
0.01808788115158677
0.021158477291464806
0.01750610502702849
0.017594439206423902
0.017876681809624036
0.017383560771122575
0.017701058574020864
0.01753497895735659
0.01690448960289359
0.01708409434335457
0.016541772025326886
0.01773499593966537
0.01690572389210297
0.016746959494833916
0.016766408094457837
0.017720394146939118
0.016387684362460717
0.016296085572856313
0.016416596687015367
0.016649588622385636
0.01600350078550123
0.017544095520861447
0.017422104889855666
0.01715002820128575
0.01760399032055455
0.01688958052545786
0.01548208917180697
0.01653678576455803
0.01745948650770717
0.01609063958032773
0.016380154403547446
0.01685259873602564
0.017148774959856554
0.01677149101252982
0.016525760913888615
0.01615963007013003
0.01609570211307569
0.01775257231433265
0.017564602900387312
0.016882301813965998
0.016885127160040772
0.017338124842479312
0.017811354359283167
0.018186359228381258
0.017741217127288964
0.017462030015382414
0.01734707653955665
0.016110800951719285
0.016880765146411517
0.01711905545351521
0.015731714107096194
0.016998460047588444
0.017080232858036955
0.01654075881516611
0.01680519711226225
0.016943131082437255
0.01699691547841673
0.01632294835872017
0.0166409427597039
0.016773417335132074
0.01655141000768968
0.01619952290344077
0.01741855909737448
0.01634701329242924
0.016681889635185864
0.016580751319745863
0.016475671186845824
0.016593482955944854
0.01600951253203675
0.016618850653287987
0.01677505994060387
0.01630128617837744
0.017141618261424203
0.0157767295794085
0.016024999739602207
0.01551198405458739
0.017986662574852538
0.017135026457253844
0.018174409379084773
0.01750821704044938
0.01792304856895373
0.01776339006252014
0.017677755806256423
0.017518133560902087
0.017245884970403635
0.01730407981066317
0.01735402060300112
0.017233510616055707
0.017637091455981135
0.01709234470833246
0.017066323533072136
0.01684433109788359
0.016906334679912437
0.016369366652465293
0.01756247170269489
0.016529247594567444
0.01725136258521642
0.016797757803056486
0.016816780650736513
0.016921487497701043
0.017348246209116444
0.017499599081929773
0.016735361383253374
0.01663194472796672
0.015820091823115945
0.016023749892680062
0.015588281324340238
0.015971487973417554
0.01571401959864904
0.01536280166527087
0.015382184513977595
0.015614659550124841
0.01591005006077274
0.015305763900731548
0.01442336972633546
0.01577622902284308
0.015580028514651692
0.015563380663816849
0.015844204540674884
0.015350561280617651
0.01592616302682864
0.01895026466809213
0.015979021250949067
0.016914766994031036
0.016142282862125372
0.01656084058477598
0.016763808205723763
0.016292682598130062
0.016509837354533374
0.016406506805723867
0.01635545026510954
0.016292305959277595
0.015422859356145967
0.01579400369276603
0.016971695004031062
0.01639906909094741
0.016052270486183903
0.016402780269550173
0.015878389409232523
0.0159475165478225
0.015420564833809347
0.015389687730930746
0.01551947384974025
0.014642002992331982
0.015340325835820855
0.01624418662503263
0.017253595491250356
0.015107746998017485
0.016359066184137076
0.017466178808647852
0.020199552178382874
0.016558499385913212
0.016281769444137367
0.017277947747178616
0.01624292479111598
0.016361231915652752
0.01552971953060478
0.016198848399023216
0.017288291472054663
0.015639233421410947
0.015599566071548245
0.015776790952419534
0.01569462257350306
0.01565101158450402
0.015622987522934841
0.014402856817469
0.01533871285036343
0.015143118133502347
0.0173324275328296
0.01761142879921869
0.016355438186572147
0.01584521990688826
0.015767643297445184
0.01532718921745462
0.015139087816351093
0.015129772909232323
0.0161173063226872
0.015106385152432181
0.0153463731538381
0.015711081590478782
0.015831628709488753
0.015723167643459005
0.015649518561491996
0.016417320516398725
0.015263370671227836
0.0154336170780639
0.015596385904108032
0.015175958629697561
0.015430931401039873
0.015093979487816492
0.013514832127839327
0.015395780373364688
0.01527443468304617
0.015436002682425723
0.016152281785843433
0.016603425533200305
0.016089320373998968
0.016771318804201307
0.014696380230956353
0.015814781065422053
0.01564228332533342
0.015480117668231872
0.0161376345705315
0.015323112201359537
0.015904335704232966
0.015578087027135649
0.01573499781233783
0.015526117079637268
0.01758995484560728
0.015592960165875242
0.014827298715908006
0.014586377042261038
0.014577631605789065
0.015248231285500645
0.015143965317950986
0.015080921807663237
0.014950691210106015
0.01658305712044239
0.013090692926198244
0.015215142924142512
0.014625666541573793
0.014860390196554362
0.015521490341052413
0.014765547492123884
0.014790553315025236
0.015036981679837812
0.01495910125062955
0.014881974974314108
0.014549225685186684
0.014117107886288846
0.014127444771938766
0.016195400938737076
0.017871085977689785
0.016318029656216797
0.016198032808586442
0.01603563386015594
0.01571507584813931
0.015845565923622677
0.016191151687367396
0.015587453247992683
0.01550167930367964
0.015344428484457613
0.01579638011753559
0.014960271352902055
0.014544358476996422
0.01505272907655168
0.01552557122899967
0.017192279221490026
0.015814707371527733
0.015501534356581454
0.015298427119604404
0.01471359419691212
0.015396979230375875
0.014537269492512163
0.015349867806686618
0.01566488595147218
0.015638577283070183
0.015109111505903695
0.015502590192666907
0.01580465106027467
0.015648644152313273
0.016067114196076298
0.015672731414352627
0.015561950634069302
0.015144399803461907
0.015230043698719005
0.015516533833843741
0.014795530372514175
0.015354043608041186
0.014788801932046491
0.02034950985883673
0.012463796883821487
0.014805902301200798
0.014612185164028174
0.014765207366384928
0.01503096241503954
0.014718088876480693
0.014681378562402512
0.014562373049557209
0.014947619398727137
0.014935800164247191
0.014863172859146163
0.01438576008335052
0.01613831293109237
0.01246580295264721
0.017120259307810793
0.016510136579687626
0.016274662998815376
0.015756066211245277
0.016346883895839083
0.015800158101084986
0.015515199072207466
0.015880721168858664
0.016685561558819915
0.01691597058736491
0.01678497296234127
0.016611566816113497
0.015864587350127596
0.01730322471121326
0.015745339255212553
0.015250367338232922
0.01587282642168869
0.01563427474021035
0.016805971141106317
0.015480274599760969
0.015743489244154522
0.015054434167825623
0.015293308591935784
0.01553169663963934
0.015470988678419038
0.015090118627995253
0.015614346383760374
0.013780844242622456
0.015502723968691297
0.015431914842434672
0.01505693094804883
0.01481699789139001
0.015268775973691057
0.015249098237189982
0.014757345041987911
0.014869221134592365
0.014705801503387865
0.014273052632405952
0.014402853331177046
0.014344633222208358
0.014152115615813629
0.014041671186293425
0.014629797721725134
0.013900465511503708
0.01495989072587221
0.01365142747759819
0.013950521871447564
0.014197599548750963
0.014780162704280682
0.014290671696923427
0.013698251672873371
0.014049156038607988
0.01391587516798681
0.014187593013048172
0.012964877610405287
0.014368906649842597
0.013918061580123573
0.013882890315865403
0.013403638059066402
0.013263894327812725
0.013402032234169395
0.013381447075613288
0.013807494517253794
0.01293390872888267
0.013449172304314099
0.01305808280952848
0.013364874143549737
0.013392331786453724
0.013202263955150218
0.012960447619358698
0.01281358243431896
0.013118267195015553
0.012667326924755522
0.013305745786055923
0.013456535652618517
0.013090355858354774
0.012914687345754232
0.013558135676314894
0.013918809598891546
0.017687536776065826
0.014082164978546812
0.013313336159895968
0.013766448919291366
0.013673881670304885
0.013458980135274705
0.013199753724993804
0.01385071337586496
0.013301555688182512
0.013032778482884168
0.0140095233800821
0.01436236079486198
0.014526197893751992
0.014124306897895459
0.01412523168255575
0.013825104186504051
0.013973315900179329
0.013808755555640389
0.013756691095795458
0.01400739417048329
0.013659430885066588
0.013491457393556311
0.013976098485291005
0.01344650342986481
0.014579628697699971
0.013446936778576168
0.013251774608054094
0.012652810141444206
0.013367436750202763
0.012827825510491993
0.012874653233358494
0.012791385708583725
0.013190143669231071
0.012687731201186875
0.012805200336093935
0.012991786604890457
0.013570736576285627
0.012745003619541725
0.012781888919158114
0.013129168035869566
0.01291449728193662
0.012818878177892078
0.012736585248816521
0.012308354002257056
0.012618740278951547
0.012763284472748637
0.01231431239284575
0.01269998097498166
0.013260447133619051
0.011742724571377039
0.012757704050483688
0.012649932314968661
0.012258121367568606
0.011847807127716286
0.011754213908345116
0.012091593605776628
0.01218368485569954
0.015000363811850548
0.011816630541693931
0.011834309633747236
0.01729593425989151
0.011518659029641876
0.011811427810850242
0.01199968384578824
0.011756987000505129
0.01297392907480781
0.01155610318251309
0.012210094597099758
0.011957524961832425
0.011970013815988886
0.011943032732233405
0.012246199065085613
0.011850068768994375
0.012044129177730605
0.011903339441841012
0.012279115109281107
0.011801822802447008
0.011772912100500224
0.011833566411208082
0.01186755480354323
0.01197870791155771
0.01195994671434164
0.012086969334632158
0.012080243194941432
0.012008535492063408
0.011780605676109033
0.012245477963652876
0.011971039857888064
0.012140611853496528
0.012268288500813974
0.011989220175028638
0.011801459925212213
0.011989004674057165
0.011914957074189422
0.011835528512460154
0.01209258968973982
0.011642626782768214
0.012129423436739587
0.012511725993888662
0.012563967611640692
0.012470310504566755
0.011755502849285091
0.012381285227633812
0.012293508319660675
0.012548914179205894
0.013377555849536366
0.01201757462695241
0.013127586381001905
0.012824252673557827
0.012688691888177237
0.012501129191010617
0.012764130408565203
0.012743069197643887
0.012512830751282828
0.012505566146200067
0.012117283046245575
0.013161088932083537
0.012562805553898215
0.012082309772570929
0.012986062285609735
0.013375355951385955
0.013651979186676986
0.01334008884926637
0.013680194783955813
0.013544281255453825
0.013680897342662016
0.013287923773688986
0.012994425923489364
0.012995660357739566
0.01301404678367621
0.01284040039172396
0.012800277241610534
0.01238315474045904
0.012790224929692364
0.012597337790721695
0.01269680098630488
0.012433705031131672
0.012025556992739439
0.012588447662162
0.012301140232011676
0.012278440889489177
0.013102179975248873
0.012652955548621194
0.013275562113286643
0.012838697460080897
0.012832714410098357
0.013169674535415002
0.012116828385521384
0.012937987345809998
0.012827564043221095
0.012648180632895191
0.012379005501996602
0.01498517394065857
0.012280075302855535
0.012203010804457775
0.012970747071362677
0.012305371845696146
0.012076425970538167
0.012149027166333025
0.012955326400697232
0.012034448636871463
0.012171860981658594
0.01216146601841618
0.012063307743149483
0.015488975991805395
0.011755745982130368
0.012281804718077183
0.01185615400199668
0.0121512477237143
0.01204860517207314
0.011570104410168746
0.012162252920321547
0.010830141603946686
0.011901366960955784
0.011904152998367681
0.012095319738070811
0.01183336876846593
0.012017370305127568
0.012020882684737444
0.011779616873424787
0.012886619060367777
0.013276779037412433
0.012428811116313393
0.013207883617242441
0.01241568906698376
0.012709421238728933
0.013720357790589333
0.01091124676167965
0.012480766154727005
0.012542624964027216
0.012737653638217963
0.012475335150216984
0.012340938308529111
0.012502430987525855
0.012474101166308716
0.012075752694753633
0.012148686439583176
0.011792763136327267
0.011589577754161187
0.012491072697395628
0.012387844610539888
0.0127541848924011
0.012434512857865813
0.01295377894542938
0.012058205816228658
0.012524335334698359
0.013943025260232389
0.012291864004750915
0.0120582883246243
0.01199478215378959
0.011753879797955355
0.011979665995265046
0.012459303941577673
0.012029896428187688
0.012024917475440922
0.012281343218331275
0.01216850068201037
0.012152658235281706
0.012202779223260126
0.012442879406187464
0.0122938710789116
0.013880307786166668
0.013494994059543719
0.013207795369802721
0.012426285946276039
0.012188887766872844
0.012867002230551507
0.01226144629655425
0.012454335997189512
0.012172532463936429
0.012512559675617723
0.012216206399145824
0.012109117062451939
0.011850908425237451
0.013463224633596838
0.0122862896135706
0.012315452623100865
0.012513147201389074
0.011911240829662844
0.012359998026943726
0.012081967179256026
0.011885077840593082
0.012555187290522041
0.013538636648180809
0.013371742237359286
0.013984398629802924
0.01294077407346656
0.011955519982924065
0.012854028998917301
0.014606263488531113
0.01313928897994069
0.012796195766685024
0.012349143624305725
0.012414379853335832
0.012187475030193266
0.011815280394492955
0.011649108647058407
0.012132836065979468
0.011804026391889369
0.011980759826573458
0.011950896680355072
0.012219236999311867
0.010675402544438838
0.0118359336038194
0.011878619151075884
0.0122092895347763
0.012401839064315278
0.011869943509532126
0.011732064964656798
0.012026347898390908
0.012856032716918667
0.011997547349892557
0.012331914045656754
0.01216961665461395
0.012027826036016147
0.012151426630138996
0.012497797142714262
0.01194168746471405
0.012027801144004658
0.011941613264612317
0.011965332003865415
0.012309827559095408
0.012124385572969914
0.01187894419329056
0.0118192861485494
0.0123747821144809
0.012529652652065485
0.010739299934357405
0.012412534455858892
0.012194943896840128
0.012104847752149926
0.012127406029578517
0.013079692315506307
0.01191815808415413
0.012595834198179624
0.012619380754503336
0.013141990145853419
0.01284224521492096
0.01260932134627773
0.012676451497075969
0.012651065044337884
0.012784341404981473
0.012541996182075568
0.012241854137110134
0.01078933384269476
0.012495368343984915
0.012280308498212924
0.012551436407698525
0.012311696024561251
0.012342366772327596
0.012576116567575618
0.012021749682555144
0.012517465094865208
0.012034244214495024
0.011957297218032181
0.011934119548338154
0.013153980951756239
0.012772238926916587
0.013017230010472046
0.012331549966374769
0.01346006446721538
0.0118315564468503
0.012976708488081986
0.012792099067675216
0.01433985074982047
0.012744006892012445
0.011900977231562138
0.012837359089065681
0.0120753595748773
0.013000677184512218
0.012486514029285264
0.012336019210714772
0.012471334927045462
0.012342502363026142
0.012376407986673398
0.012502690777182579
0.011737247773756584
0.012422964584244333
0.012693502474576235
0.01232202461888564
0.01334212115034461
0.012380934967998638
0.011955656370283752
0.012961175172003332
0.012866370213396896
0.013037675714107933
0.011534758610650897
0.012971637875384448
0.012428775207688477
0.012300668201143188
0.01239141123677721
0.012758586762679948
0.01283877891864603
0.014263364486396313
0.011933816088871523
0.013423015580823023
0.012344840340414978
0.015001481709380945
0.012132494857436732
0.01245900559439963
0.011659603146836162
0.012214630546159302
0.011949336888002498
0.012139680184769314
0.012728913978207856
0.012009122766653038
0.01216398264196786
0.011908299896285075
0.011457948924766646
0.010251322243776586
0.012080872140359133
0.01142684541741349
0.011586753201257708
0.010502756326733267
0.012345189000449038
0.011136657185852527
0.011610479746013879
0.011148810839014395
0.012364683672785759
0.011672557319286249
0.011214969238560451
0.011160516874643705
0.011253471951931715
0.011306869883819954
0.011318246368318796
0.011210959489372644
0.011164066663971453
0.011176886937270562
0.011166871275555417
0.011421913311921604
0.011546119438627591
0.011252998108310359
0.011367216730946737
0.011269900321838309
0.01140785108116881
0.011265768313213536
0.01226005982607603
0.010950629527752217
0.011125127840509166
0.012444486490116929
0.012249644466296391
0.011775157957134262
0.011281657963991165
0.012254380417481952
0.011068851652520674
0.01155302008083522
0.011228334196415302
0.011442781752900573
0.011247103808052612
0.011948295645415783
0.01117524163587796
0.011038687826436482
0.009711143374443055
0.010813012967507045
0.01089641128031426
0.010464416317907827
0.010687506119319738
0.010883976157535525
0.009778085909783841
0.01125907115268194
0.010918030682117191
0.01123968284467564
0.011257398929076875
0.011514037899259064
0.01113987315002064
0.01117212688920415
0.011235783481045274
0.011221727640885446
0.012274613924669903
0.012414208054542542
0.011742190402371204
0.01138882234149816
0.011871703533512173
0.011407846196351067
0.011410381313356938
0.011568025723099708
0.011892040725797415
0.011423627878057546
0.011279465828203794
0.011233081305889707
0.011490353401626973
0.01194237580952736
0.01149970730766654
0.011369680396793102
0.011290929770553546
0.010222614077585084
0.011177013341386785
0.011324631795287133
0.011175403544148862
0.011357163893990219
0.011418669394010471
0.012139180675148964
0.011536462930962443
0.01188483875510948
0.011446945171877249
0.011569737110819135
0.01132878134958446
0.01117756761446157
0.011165448930114508
0.011179982869583644
0.011642000998460477
0.010779297577574948
0.011192347403266467
0.011511642757235773
0.011664920208963337
0.011673411975304285
0.011277298159305229
0.01110783229822552
0.011076673735796615
0.010993744931276271
0.010688194228957096
0.011098558872642106
0.010890979951216002
0.010856657128608385
0.011464232142316177
0.0109589090231584
0.011218936549443188
0.011250829013685385
0.010974313965753504
0.011331315753826251
0.01237757334156948
0.011426498162715385
0.011311598560026545
0.011120055856950143
0.010935991148774823
0.011149369138501473
0.010811666958034039
0.011258865749796496
0.011114854456893369
0.011177521106472472
0.010886746289377863
0.011157065610556552
0.01092938854303581
0.010736084512124459
0.01070605407262014
0.011134126063552685
0.01091469783392368
0.010775841489507287
0.009530878781030575
0.010980692457728434
0.011003271244861038
0.011077484221790324
0.010850746262197694
0.011090846151694075
0.011071469368679183
0.010957449124279347
0.011106654489412903
0.011485073948279023
0.010781299014458593
0.010465403459966183
0.010419653542339802
0.01072227832874362
0.010651827086725378
0.010970364203271658
0.010808449717697458
0.010726369531911533
0.010453505994519219
0.010357949090196399
0.010669962728791164
0.010138834128156304
0.01046599424444139
0.010815831832587719
0.009846568922512233
0.01038021534415228
0.010916334293190612
0.010684629394249483
0.010687383339292818
0.010996639298704954
0.011355910553700395
0.010921937592376937
0.010854594970503485
0.011408473537475974
0.010731167560875022
0.010362522734794766
0.010639914644524356
0.01060190750285983
0.01024954253807664
0.010346307385978954
0.010647749090019394
0.01085073630393341
0.011050939094275236
0.010201514000073075
0.010505845283882485
0.011630994267761707
0.010802835984685958
0.010577912837492697
0.009633091744035482
0.010588749200105668
0.010692992924966595
0.010643332209808147
0.010460878833388256
0.010109465869684373
0.009637570753693581
0.010370405996779361
0.010693220856494658
0.01082735632856687
0.010470210392620192
0.010356324687600137
0.010708352839895364
0.010572418603311541
0.01029801725185123
0.010630025241573323
0.01062526267417001
0.0104947614017874
0.01043008454144001
0.010382657411156704
0.009999699192121625
0.010338481851956911
0.010358527113567106
0.012986731948330998
0.010211343851846617
0.010589633437414323
0.010767991812723988
0.010444082498599757
0.01059108613325017
0.010441243130442323
0.012135129049420356
0.01038287095083245
0.01064252066586552
0.010368105585359975
0.010274243766182897
0.01070350024667455
0.009825216182930903
0.010505959072283336
0.009909068327397108
0.010434267942660622
0.010146016703435668
0.009872594475746154
0.01121770404279232
0.01049369919113815
0.011647725295599388
0.011606829287175904
0.011758715779121433
0.011043581346252768
0.01092929170968441
0.010743861437820997
0.010882417701917594
0.010849858752705834
0.010593097358942032
0.011154146679979287
0.011015563795808703
0.010897386196186605
0.011276970316162881
0.010990207524676072
0.010951542400366424
0.010938831019614424
0.01143031042172677
0.011894476299564685
0.011354319915613708
0.012690836539826332
0.012173014964340933
0.01258110674098134
0.011956932984213246
0.011424783422806105
0.011544618075965223
0.011522021749063043
0.011480631386947554
0.01124364889492065
0.011233793018618599
0.01130833982533177
0.01094549744796585
0.010967659751656434
0.011322525921986987
0.011142967997685722
0.011558789358973897
0.013114226172151773
0.01305344165302813
0.01262071737284331
0.012064126669429243
0.012226304742476797
0.012143707161050031
0.011640478753381304
0.01194664892672703
0.012005656745962122
0.011902673465267914
0.012241893387007936
0.012594599535824447
0.012550499188997175
0.011533851735293865
0.012591806356795132
0.012088987532238298
0.01115070063282143
0.012237146903840911
0.012147491953025261
0.012160602594829269
0.011865063008131846
0.01184701803548817
0.012040972937860632
0.010970524325966836
0.012106296955607831
0.012162565683516173
0.012413104411301225
0.012496830594879904
0.012256251591280467
0.012578329854700344
0.010335901752114296
0.012922445855413875
0.013538132421672344
0.012438309572947523
0.01223705845804494
0.012306583095465274
0.012320303890321935
0.01314314198680222
0.012440204207125483
0.012403488842149575
0.01276244369207644
0.012384698706208378
0.012161603256586998
0.012325075240657917
0.012085177992103678
0.012140627284318407
0.012039088753654677
0.012491704223470556
0.012230404712740452
0.011429031689961752
0.012561974078663532
0.012364448606967926
0.012683368372646246
0.012396528496933372
0.012306536082178354
0.012378161834762586
0.01235023990986829
0.013117345426941202
0.012638617152755228
0.012742160198589167
0.01256340586890777
0.01174884318606928
0.012263595311600246
0.012228435257802138
0.01171229500323534
0.012418624789764484
0.01220652779921988
0.012034854328982075
0.011771279387176037
0.012044681266683047
0.012232225070792165
0.011973217913005131
0.012052743011920513
0.012378116329319967
0.0126524779847578
0.012546620112569892
0.01258576209915595
0.012251441987852255
0.01245216732931058
0.013019938757152934
0.012858602773422831
0.012786630541086197
0.012586102457038614
0.012412360702820171
0.012382199987769127
0.012662985594943166
0.012356756242695234
0.012628269301641066
0.012547260721123988
0.011900081532076001
0.012191919842734933
0.011150583159178495
0.012297691216087894
0.011772836946571866
0.012196768827687035
0.012131258419758041
0.011976171445274195
0.011792287575882791
0.011884608914201357
0.011941941151785295
0.011863932630281574
0.012042526248225709
0.012019884636909362
0.011846937228705777
0.011735913754605195
0.012185658344574142
0.011954474608284353
0.012500269208966895
0.014056342653930187
0.013126964680850506
0.012168849806073091
0.012049890522445952
0.011738723614603602
0.011605377568067699
0.01467069424688816
0.011445804178947583
0.012125061062926596
0.011744200251996517
0.011620699736406866
0.011409343869080034
0.011528013557787762
0.01149090329518184
0.011243028541570468
0.011076158199409972
0.011657265033449559
0.011098142411091074
0.010652312095154007
0.010717052210232999
0.010825256630778313
0.010325397923588752
0.01095755443297672
0.010547038821491184
0.009823357628192753
0.010712434987312761
0.010529988525521677
0.010441541240013988
0.01032009869443857
0.010228209094712873
0.010108583640701921
0.010027112299576401
0.010151412333746295
0.00995165728381835
0.009050932712852955
0.010043295386078005
0.009861769130159365
0.010544341618799611
0.010491714456483075
0.010158412574258233
0.010179077573823478
0.010226599178246117
0.010244855610962143
0.009314734721556306
0.01017999580424083
0.010152427253086824
0.011303267301991582
0.011647241160972044
0.010442018508911133
0.010850137062617485
0.010379925091955356
0.01029860057361141
0.010056764973948399
0.010428700572811067
0.012370593662401943
0.00948398094624281
0.010870625249523399
0.011152189783751964
0.010182463066202813
0.011435332584706758
0.011459580507885286
0.010512218998732748
0.009826298989355563
0.010240874516413263
0.010506889933059293
0.010414354465296113
0.010714731152943323
0.00993199148431223
0.008598873857408762
0.00964052037748157
0.00986218904145062
0.009761580589996733
0.00983250608174678
0.01054672912589663
0.010251657708602794
0.010313901719787428
0.0103294569067657
0.009266741201281547
0.01032566311244933
0.01010693121367158
0.009971379222261984
0.010281554932589643
0.010238922946944328
0.010112045432573982
0.010148034862779228
0.010044807621410915
0.0097640061362443
0.009918366120053599
0.009645155764051847
0.009491612536474963
0.009537373737290206
0.009953305976378996
0.009502894818684124
0.010001176149781906
0.009843169086563745
0.009715878373838418
0.00951064727269113
0.009628077737666321
0.009429386712067963
0.010176989287137984
0.009550885217854889
0.00977027238730122
0.009479408904860745
0.00961044066838476
0.009834158681456418
0.009866887077516475
0.009641425801280714
0.009591133783984658
0.009664664245426457
0.009627222464504566
0.00980002126272987
0.009598760141266717
0.009663639704362964
0.00904776867479086
0.00951459183523508
0.009619811916760854
0.00957803904627826
0.009658832009881735
0.0092271237464791
0.009733019978739321
0.009498786485682312
0.009372643639167018
0.009237699176721422
0.009159651567351143
0.009099562768824399
0.009220773434352797
0.009065556214065166
0.009125027827153735
0.008794588036835194
0.00964984685803453
0.009015719109076135
0.009239322412759066
0.010184403508901596
0.009483221486605556
0.00930073389795837
0.008512376109138131
0.009444567123575815
0.009378565006599521
0.009839477190217435
0.009668237499159868
0.009623339710136255
0.009761549000229155
0.009640087211358079
0.009436553447610803
0.009486600786210999
0.009456587722525
0.009772007586434484
0.009572943364152845
0.00954895039455446
0.00958737191614627
0.009846331036992763
0.009747374730306815
0.009569627525126363
0.009509325913724399
0.009653562192051183
0.009460972001155218
0.009325320133939385
0.009400095562419749
0.009518081863486284
0.010078014340251684
0.00934628429725611
0.009683114149613885
0.009645612529394302
0.009450506776669957
0.009339519245072436
0.009500104437946626
0.009609995614455052
0.00955328713171184
0.00949667590773768
0.00950196545260648
0.009421725363398973
0.009634317661402747
0.010023525224200316
0.009614970683064682
0.010628903154283761
0.012401967149055162
0.01047088536010547
0.010162039191172218
0.011082623665843973
0.010851552865157524
0.010981179132229752
0.011224433779716492
0.01141370739787817
0.010325740132590426
0.010318006199668162
0.010174832065348272
0.01040142384806165
0.010373341027074136
0.010119810073564831
0.00977865606546402
0.010429559386526512
0.01035704713587354
0.009832155743711874
0.010082879662513733
0.01019010983333485
0.01048951429159691
0.010336261267298894
0.009799165439537981
0.009980462824568053
0.010047479338633517
0.009976891218684614
0.009798348748698732
0.009411590173840523
0.0099912126308048
0.010138484882190824
0.009823171998418513
0.010741680053373177
0.01094602094963193
0.010677014993554031
0.01058472871679712
0.010647538234479725
0.010448841725365591
0.010299420997719555
0.01014478861919192
0.010349511095371685
0.010088128700778382
0.01031746416173826
0.010257306104735625
0.010892047255765647
0.010164693710301688
0.011269087251275779
0.010682053610005161
0.009689941878120105
0.01027972006312247
0.009991769077540036
0.010099151523432114
0.010237565122248715
0.010688257022676144
0.01034125087425014
0.009870668611256406
0.010216884635734242
0.010288223810493945
0.010157403212336713
0.010282642568551725
0.009939443464908335
0.010536139022730205
0.010385398752987385
0.010946826834697276
0.01043213006503732
0.010668660881034783
0.010209758183918893
0.009988571242706863
0.010136179875779822
0.011461937907984518
0.010922963002129742
0.011212772643193602
0.010847169801050069
0.01025507741552942
0.010334813449260415
0.010319152791423118
0.009989891703925188
0.00969776613194318
0.010137721763125487
0.009999093056859955
0.0098919325404697
0.010186423880621692
0.010022566786834173
0.010041787713167391
0.009693354493580185
0.010187337665508191
0.009866868084492652
0.010023954401520506
0.00989318175241351
0.00991200198055498
0.010025817250727483
0.009646556179797807
0.009973125653746336
0.009983499256881656
0.009831838346771057
0.009813994597890322
0.009809620114080361
0.009120371724878038
0.009775048177319253
0.010189027155422612
0.010342031213882807
0.010612679363200159
0.010044000810012221
0.010126644455587232
0.010132553876186444
0.010122844018042088
0.009790282417088746
0.00997867618089184
0.00991032709867157
0.009842960530835571
0.009340352728031576
0.010053748088278648
0.00968106045650366
0.010050050702623346
0.010733728962285178
0.009851262638611453
0.01009023187475072
0.00998152927162924
