-0.2780704348785988
1.9788794659620879
1.2030110043405697
1.8439132125172395
1.322627877747571
0.0
0.7475052538593083
1.5553403224376654
0.744665765357728
0.7859409725529024
1.1737709530438019
0.27259786140839787
1.452879429652991
0.9349638776273916
2.225087724774089
1.0548706786385897
0.2333495058366005
1.7872854073842366
-0.0368452634637719
1.2149924438520772
1.52744634419877
0.9716509511533952
0.6553663434769144
1.159270803659957
2.414455726446695
0.7552689642741762
0.5511857312641396
0.6403257119043774
0.5195733800234384
0.867311585275148
1.3684197956363098
1.4050882657368977
1.0717940906815182
0.25311313796517076
0.8718117961030922
0.7420086335662185
0.25256658414539124
0.9972162821836639
0.02342034609901984
0.5137270041648915
1.5472055594652694
0.2891188685763751
1.0252648939360056
0.4759015368408715
1.3521797353068725
2.1163102206804894
1.5165980888518276
1.0645238958447185
1.5236048449331254
1.3651073594756473
0.7750083129137557
0.39891135850489534
0.12515071345283496
2.4849986035302774
0.13659895245997322
0.7042936394546205
2.083598029045832
0.7953561577970618
2.1236197016886527
0.5309413217550871
1.3794553631188853
2.018714450053032
1.0163491019448698
2.440922092747044
1.8329118244788225
1.8185465872682482
-0.8226839673045455
1.2091321170033997
0.44150570755368035
2.438989835069669
-0.07948495832500078
0.8888222596897984
0.5075782521671017
2.386666547383694
0.7296701247328954
1.0971715063448773
0.9658603036640495
0.9289644473534546
1.1316685629206777
0.41080164652786505
1.7218126666466922
0.31202477794017225
0.39169368483372874
1.0981741736562836
1.1996936403362957
1.1560334946146074
0.49728596975274436
0.44774208538579624
1.017399431064429
0.12848411687952005
2.035557214787464
0.7490635927248475
0.7669932944885153
0.3139474652954285
0.011327596640350013
2.3946335299915034
0.5312849296540614
1.1497999096647005
1.5577102357690984
1.6397925717941184
0.38696084704422795
1.5033369684061468
1.414592405818156
1.4424815380457536
1.0308034294529964
1.3938547743866776
0.7185068741835505
1.3541389024810286
1.1779281721999313
1.2975309267640114
1.5280288834320872
1.0720855913300444
0.6060573293870648
1.8999082157943423
1.4294409700576833
1.8230019316953772
1.575081717099575
0.7831006632340665
0.24752365235263937
0.8046898589228952
1.0790824860334396
1.1282603278854826
0.42621850967407227
0.8612123131752014
0.7994398567183264
0.8915540789136823
0.9559831153478054
1.0462181653295244
0.5192689838393635
0.9023063702461047
1.1772236358251003
0.002513933926820755
0.7984925327093705
0.8301270306110382
1.1012628544245335
0.7279399424268488
0.0
0.8495816936095556
0.9962453484535218
0.5532155490375512
0.0933102737890174
0.6128322293624183
0.8799228529135387
0.9799983910349912
1.189667552016502
1.326512507323561
0.7476706504821777
0.73433468831296
0.9306183877024824
1.0680562853813171
1.1044056926454817
0.9713583637590277
0.5571869066515506
0.7273998693986372
1.052428837255998
0.6089682904156771
0.7248572344022082
0.5352359861135483
1.0751570613178987
0.7011674863951547
1.1726905061203299
0.948689834171573
1.001738778408
0.8082654237747192
1.0143671105338248
1.1802226983948259
0.759866651831841
1.7562701642513274
0.8390048732191829
1.1337929483045612
0.8846042574636194
0.8509141802787781
0.6705717146396637
0.8960302821521101
1.1281364508297131
0.7868235641055636
0.8448413573205471
0.7347667173834036
0.7942640696253095
0.9277483749863328
0.16992527685868433
0.5751315714681849
0.8507016991937397
0.5997810059825316
0.8316842677774808
0.7282828034314894
0.7286123888833183
1.5818381130695343
0.004815420345557446
1.0733708229409642
0.5182221809167735
1.1374448333668896
0.8204998360123745
0.6612637816675452
0.6750212674555571
1.0981992404192489
0.5923064133295646
0.8720934987068176
0.9693461196763175
1.0217018739277164
0.7412873122554559
0.3282574088318853
0.5544332929498312
0.8817714478107209
0.7161446186013458
1.076111243992317
0.30101748804251355
0.680622154118999
0.627549148750621
0.695638670086466
1.0192726027397883
0.6332396545897652
0.9828136183998801
0.6415243318538792
0.78189169363865
0.23073073825429355
0.7785446493830902
1.542424701154232
0.8076765746265263
0.7531327874887557
0.6769707773042761
0.8378565753499667
0.7054205621991839
0.7388109763463339
0.8574426034033693
0.651982762596824
0.9538828984454826
1.3157731178330212
0.5658924835068839
1.020656425019969
0.7925559593335031
0.6591388701603113
0.7182189565620675
0.9941385132925851
1.1091081285476685
0.7133838401486476
0.4854484404678698
0.7933026389642195
0.9086965068952361
0.34250411875062176
1.7893198132514954
0.8369736926050375
0.9436074783062113
0.9029305962955251
0.8490931860038212
1.4224781904901778
0.8443228304386139
0.0
1.3682583363159844
0.9540334209319083
1.1799645679337638
0.6915150849592118
1.2654351375319741
0.8712743539363146
0.46681635081768036
0.6410178343454996
0.5578401511572054
0.8536579410235087
1.493025004863739
1.1806039531261494
0.0
0.6024464699957106
0.6190176476602969
0.6729315376662194
0.7133222784508358
1.1082207697133224
0.7277161064033477
1.2253049038923705
1.180685349873134
0.5659606997540455
1.6505570528937168
1.2274813254674275
1.0020676653906209
0.7922896820138086
1.242575707373681
0.8555997626621596
0.9785324704079401
0.5922361238804085
1.1715831216730055
0.49961417484165027
1.0866016154406501
1.3006821031923648
0.6297840360576743
0.5197546559059067
0.8455780787479799
0.49341956044960494
0.7639838036368874
0.7726147567100873
0.6342596741306861
1.3626858682955725
1.1198824552389293
0.5338534550951016
1.3612545331319172
0.9682935873667399
0.5803692220210634
0.7718135560000384
0.9249361515045166
0.3747669422616627
1.0449493807189318
0.9967186949376402
0.9059238037807029
0.8572729187493293
0.9989777339829339
0.5005746071307074
0.5699738618248785
0.6143246558772413
1.1551573024669164
0.3460115333957388
0.8165251413981119
0.5764452219009399
0.4269144960389232
0.5631743669509888
0.7293073740473252
0.9862552613019944
0.8962770239324183
1.146740260009734
0.8969384904565483
0.7544244801004728
1.0913322696498795
0.8408814144134521
0.6073006346624419
0.8774107277393342
0.904147943854332
1.1219576267485922
0.7698255185451772
0.9124025378795649
1.1433077965463911
0.7648733949718567
0.9903842317752349
0.6256976353115593
1.3989271640311927
0.6012119582987258
0.7386382286072961
0.3534002634031432
0.48293407157754265
0.9832858636098749
0.25466435632070167
0.6722864210112205
0.4705965126932457
0.8208359758190761
0.7214304166321723
0.9947816833205845
0.8550907084286608
0.5461732039084801
0.7584563845534198
0.787422117514488
0.958408240349062
0.8686721399919877
0.9723626388744875
1.0458300582000188
0.5149113584126606
0.5862154372609578
1.5001652320226033
1.2980500592125788
1.1110921459538596
0.8398902952474984
0.514537088572979
1.0312730915406172
1.3142174251043974
0.4211451779828956
0.38693745651387224
0.49556452631950376
1.1150590121746062
1.236748136323074
1.5435731158351267
1.1977088451385498
0.7478248981329111
1.6626683473587036
0.5869273547551884
0.5171303592424914
0.9878178801856293
0.8121285013268503
1.042966670849744
0.933607574493166
0.7457608243352488
0.7726519926659112
0.87562434898307
0.8740265506573699
0.4290024620166283
1.0593655407428741
0.7527079783010144
0.5264451991428029
1.5781985521316528
1.0719898864626884
0.5714388946136395
1.2875311609945799
1.2939992938722884
0.0
0.21864722343470086
0.69932053072585
0.5265161958900658
1.140758749072915
0.8549900064244866
0.9101068148246179
0.6089313626289368
1.0427944699923197
0.7408243095874787
0.8784893654434887
0.5081846373188391
0.8816748478554732
0.4235081915675804
1.2979874425376488
-0.21303506195545197
1.2372779584376612
0.9810664653778076
1.2126443147659303
1.0117787879000428
1.3628996235983712
0.9837568816931351
0.9781838854153951
0.46556781224955784
1.0350833950298173
0.49574518413610863
0.5776496020373919
1.148275412619114
1.1662143971771002
0.9453054051245412
1.2823033774340595
1.1916763975664422
1.2112900343808262
0.5858759486088247
1.0285082038329996
1.0608145403365294
1.0369115486377622
0.7808343723638734
1.0983699671057767
1.0421626375567528
0.6665441698536573
0.7469561519162939
0.5003182538945613
0.4901262043623735
0.6901318828264872
0.9876497991987176
0.49447703761178136
0.5672695200569582
0.6959895442258444
1.1557629366955124
0.5332587502946128
0.583997948576283
0.3308475776668021
0.4811763633165928
0.8052393157894795
0.7414808707521451
0.5352075682129971
1.3390503657066215
0.5903227993885413
1.2694238245021552
0.9695074558258057
0.0
1.0814642083077204
0.5147159228453765
0.6662865479787191
1.0239991911670618
0.6127463868888449
1.4820660501718521
0.7572484811147054
0.0
0.7140077842979242
1.215602888001336
0.3450548309364066
1.0918455009659132
1.0558744370937347
0.8869434595108032
0.16491044648238365
0.5601645326241851
1.4944589138031006
1.4500500361124675
1.6091399937868118
1.2169167193873176
0.9143894463777542
0.869063715975393
1.5216419877427998
0.7976229064232481
1.337307140827179
0.688639496360591
1.0039160152276356
0.944461149408629
0.9565905604292365
0.5961374785035651
1.02867465141492
1.2268045580387115
1.2028410185628862
1.0830923706293105
1.488134756232753
0.9057760834693909
1.1126726519676946
1.0746405879656473
0.4644504224770511
0.39035736828037865
0.7021524995960147
0.47803716001329044
0.9647890736659368
1.2238542530685663
0.4428764645330953
0.4899127250722307
0.43321784787879486
1.1602972790598869
1.5237839594483376
0.47412180738910187
1.3569169927526403
0.30113257768730456
0.5661754183816594
0.7502446606241423
1.1447923694338118
0.7303971154800314
1.408887267112732
1.5558522473210874
1.4625572295331244
0.826613187789917
0.22207002092572237
0.9451355748706394
1.2073996663093567
0.0
0.896727857135591
0.6134815841786943
1.2913758556048076
1.17772309978803
0.6890827785432339
1.0174474967153448
1.072023555636406
1.1264371217505351
0.5961050907770793
1.1475454833772447
0.6735597366824845
0.5797510729325528
1.0622723355198538
0.4866756995519002
0.9796638399870559
0.7365393722758574
1.2836777883417465
1.1519020237028599
1.0029004585175287
0.9724615537561476
1.1263839160694795
1.2382932268083096
1.0207846269888037
0.8532887426289645
0.7372296849886576
0.6303891545001244
1.6801745759116278
0.7127969740675046
1.3593588670094807
1.1587074410836429
0.8734423773629325
0.43165112957851776
1.1761249800523121
0.21479374170303345
1.253540190783414
0.8504172480042209
0.6541233368036223
0.6928787112655427
1.3546244046267342
1.3233989127751054
1.2479392395300024
0.44215944690617504
0.627928555066533
1.1589893134864602
1.2340377437513927
1.0059077814221382
1.0080969061921625
0.5406416707629005
1.3836656570434571
0.9385985533725347
1.0726641658693552
1.2052346919033978
0.49856888747077116
1.3091337724165484
0.9251219084565069
0.5680756093934178
1.2179032080415366
0.8486244246877473
1.4067690781184605
0.6951049372956559
1.3240484446287155
0.9197894670069218
0.47872156563193297
0.7574706985138533
0.6795066294833919
0.14485784156235637
0.9090529233217239
0.6074970798283224
1.3018109512825806
0.5984467086645792
1.1814384882648785
1.0964829893999322
0.5825604860360424
1.143712385704643
0.6874522125681505
0.6252926408778876
0.39095246703024733
1.523671132326126
1.157025411211211
0.9199869265923133
1.526162153956565
0.6557976222243802
0.827048432884308
1.1048759806481814
0.8542965083122254
1.6292890048863595
1.6699067503213882
0.6563410781170815
1.1015313789248466
0.8553385691366334
0.7030069154094566
1.3692059304033006
1.367261391878128
1.101898113122353
1.1624758839607239
0.8919185880476084
0.5116928586283246
1.262517004177488
1.2664306809504826
1.2975254319608212
0.4598119003291162
0.7938485221061485
1.4740623363426753
0.7599310482179882
1.5730935043758816
0.548260813419308
0.6959048383530008
1.3544339591806585
0.8821110725402832
0.44424287219908065
0.3569966299545686
1.0085077303828616
1.0071916309269993
0.8829430961390821
2.3377335281933056
1.3058996224001553
0.6413880799276134
0.4338122553728669
1.1955956571938975
1.29039803519845
0.7256243711937282
0.9695503220838659
1.2958697574894602
1.154507750973982
0.862193535674702
1.292156499165755
0.8611337188631296
0.6385350821922157
0.9089467194345262
0.9721869131587199
1.6958315209908918
0.0
0.2450374849140644
0.9523105580384368
0.6811825418296982
0.3614051691348979
1.2121466513602965
1.156904637059079
1.183333163167916
0.5798208783380687
0.5935262191226546
1.3497852484385173
0.6351940607195659
1.1919725334999578
1.0983114205797513
1.6748159256848423
1.1420744922426012
1.4628015068861155
1.6374191641807556
1.600295494000117
1.1021825430998162
1.19204209696862
1.182720272968977
1.1026988771226671
1.6889983266592026
1.025138332347075
1.2879823382411684
0.2823813973574449
1.2804916511882436
1.1972994734259212
0.9675793979558156
0.9249706183161054
0.3680280791903963
1.655087023973465
0.7276319256137818
1.0493024409349476
0.9771722994166715
0.6622540562456807
0.713400606982983
0.7176797506430291
0.4838988771739085
0.8695881643465587
1.250652726739645
0.5258796052230115
1.374939203262329
1.0656484223547436
0.8814143858948685
0.7666829713429046
1.555297182490494
1.023538039489226
1.0972212416890226
1.2811978284050436
0.44772375623385113
0.517420693146472
1.2253665526707966
1.0063039993538576
1.2898358969934403
0.757087625314792
1.1309785842895508
1.2563904970884323
1.365422146660941
0.9373841693267128
0.7904302442035118
0.7261733611424764
0.3996596269260179
0.6861307917545173
0.9376329321127671
1.051745138682273
1.1166803400690963
0.4192849406844949
0.32824033074426334
1.2361603048112657
1.084628908052331
1.047701452907763
0.4527264523338403
0.9181134351576218
0.7882561683654785
0.8199985129943747
0.3627920496641405
1.3283683467995038
0.9793840236961842
0.38937234539206667
0.8701382988109821
1.2115211740453193
0.8538802295923233
1.2963473200798035
0.6134145259857178
0.9120602482243588
1.7644555257714314
1.0911990717053413
0.7648397402837872
1.2366556627997036
0.8878235601716571
1.3393105241385372
1.0223604825553516
0.5011720956358688
0.9672306030988693
1.3567635978971209
0.5379847204251005
0.12346821352346055
1.0161951130086726
0.6215639715113782
0.8907211207110306
0.6285735741257668
1.2255421640121773
1.3647971153259277
0.8420888472687115
0.838902820571721
0.6953104861228672
0.4974244926988289
1.1154040038585662
0.9979557693004608
1.5434169054031373
0.6915146862187528
1.0931295707923214
1.1946921963244677
1.2006397022717241
0.5774397253990173
0.49955888178865643
0.8763485445695764
0.5768595047245751
1.262769191161446
0.9917056991801998
1.310928796018873
0.2598001891315378
1.0816975690816577
0.998074825038973
2.041985889275869
0.7309499171543989
0.6153176444650486
0.5826573672450401
0.9290576340521083
0.5983017592490474
0.6057603656998928
0.7800916077738459
1.3523057515804584
1.2136184581016238
1.4085521861430137
1.05101078748703
1.107378602027893
1.104442489998681
0.5636716464703734
1.1041284546400736
1.0495804846286774
0.5002289386281115
1.375878837757877
0.8531093527744342
0.9534284514414162
0.6755576302969692
0.41667445977057876
0.6083386067720439
1.004274172424678
1.6057288646697998
1.0643208286036616
0.7400924324841294
1.3442155718803406
0.7443597966974432
1.5454277293435459
1.3761163981337297
1.2807704851482853
1.3864968572344099
0.9137002833579716
1.298680140162414
1.0722129354253411
1.2821937281834452
1.3984189915160339
1.1386509761214256
0.8367634124511125
1.283335043625398
1.4416952625212103
1.1788812700439901
0.8743028257574353
0.35357357073106516
0.6757114806345531
0.553412057261988
0.9357742315041833
1.0351913984296686
1.0661578739913093
1.0544542074203491
1.2524914344151814
1.355327566464742
1.6297735240724351
0.9683026969432831
1.5403614333697728
1.3790028487381183
0.9350788064350356
1.382366610897912
0.5915361441523823
0.608912571080473
1.0376244474340368
1.259990888672906
0.37924423655926787
1.1614616098813713
0.7951927301676377
1.5262817060738278
0.9281474472511382
0.9369539808796112
1.0311207925119708
1.2939682388305664
0.96162417445864
0.5875593647360802
1.2532261841826968
0.5276368071775366
1.6291402118247853
1.3978689875867631
0.5331029375361291
2.008387565612793
1.2546648439906893
1.1634649906242103
0.5673120068065052
1.2765876588536733
1.2711114372525896
1.3714276194572448
0.685918102941371
0.5014740916721473
1.2889764049778814
2.047972947359085
0.5050912000584287
1.1970215577345629
1.4360554471929023
1.5796834230422974
0.7128180857525755
1.5883674394516718
0.6301629237132147
0.6784995819953893
1.099764728675718
0.6480239629745483
1.2050973827188665
0.4404779713576203
0.684595873986451
0.36477889505443195
0.5459733503247728
1.6867711544036865
0.7061757019024022
0.820242370168368
1.0171879546283042
1.6474476953347523
0.786874895311754
1.07043238175221
1.2862346811992367
1.4530573178220678
0.8665898938477039
1.4932193830609322
0.8886137238598817
1.5129551920625899
1.4097656042147906
0.43754156411159784
1.4767287684411838
0.5015921099543177
0.3531552820608316
0.4853757759001081
1.5287240935584245
1.455637123187383
1.469626458067643
1.5061994647979737
0.6884107198442845
1.451887567838033
0.6455125947365697
1.4462817509969075
1.3509745216369629
1.6168001245479195
0.4727700220186584
1.0761446650211628
1.4819390508863661
1.3609529972076415
1.2127491273232642
1.9254638469771834
1.3808586175625142
1.4297307888666788
1.120862810810407
0.8343136307990385
0.6576601727464736
1.0153803213789367
1.397399208762429
1.690924493979055
0.3585547142914984
0.5739199734741339
1.3095701187849045
0.9348264336585999
1.1999499358628924
1.4387434812692494
1.1357158422470093
0.5551633686320672
0.5830584476078977
0.7930965513632392
1.1419032599244798
1.4397557803562708
1.4567191139856974
0.6450979745397899
1.3045576810836792
1.0639540916491372
0.8132968720862802
1.6315306425094604
1.2730359175930852
1.2351896464824677
1.0497514060139657
1.6802933315436046
0.823880422143982
0.80746137474974
1.4016253541155559
0.7960976469128028
1.325178359417205
1.5654063147047292
0.953731327345877
1.4775555437261407
0.5479927341274867
0.5268910553133646
1.873532316901467
1.4615750096061013
0.5253011652620028
1.4641640096582391
1.2024947965846342
0.6699717369744714
1.1659474916317885
1.2878027690781488
1.0967136315535755
1.310141595316605
0.43442449078506584
1.3310982942581178
0.6794962040241191
1.3753323451972301
1.2394074300924938
0.5582237566963134
0.5249402414735974
1.4424518926938374
0.6587377502182067
1.411470806276476
0.9106593008699089
0.4063882172749137
0.9602773896116295
0.5263308115204833
0.9904597600301107
0.9095181864223733
1.2950266259057182
1.2584050603815027
1.2159021676972854
1.95319324115227
1.196798787976535
1.300894170999527
1.2584271268411116
0.6228723083223615
0.607212087657574
0.8161101839863337
1.2511983076731363
0.980817005851052
1.4605792760849
0.9869531099468667
0.7107888102531433
0.9415619810981466
0.6138700247975066
1.7333636283874512
1.5896349090796251
1.5197532691367686
0.5120353217896642
1.3824070890744526
1.1519848883152009
1.2318664121627807
1.3556920289993286
0.36349537702190954
0.8064097852602733
0.41574757581330696
0.20633701235055923
1.5964055955410004
0.5782452981598329
1.5310298455388922
1.1322964555075188
1.0732517053946753
0.7182256269913453
0.5200271790982872
1.0536515712738037
1.2962231978041228
1.2322892248630524
0.5499314126984173
0.9863180965185165
1.2563989394625952
0.7299039053502462
1.5224768774850028
0.8501343713533656
1.25730714343843
0.9179293653544258
1.3687704832930314
0.9634739433273377
0.4703814915769937
0.43631100608961076
0.9538223385810852
2.032118472186002
0.7253587674226193
1.3990580524717058
0.3746935414853475
0.40779439517796434
0.5567107446343693
1.4330168902873992
1.4071993808139045
0.666971423743379
1.3173602383870344
0.5259066991730045
0.7431086699167887
0.8537057995796203
1.3446163177490233
1.3984898207551342
1.2453252312384153
1.5190880009356666
0.6043736966733901
1.6557413740799978
1.0062610308329265
1.027240644209087
0.3028030392547317
1.06641500419186
0.7005985625858965
1.1555440227190654
1.7187028050422668
1.358148950796861
1.0269181711626225
1.3942792305634135
0.9397634836760435
0.7426062792736963
1.5959724187850952
1.0130759051867895
2.014771501223246
0.0
0.6544056512563434
0.5149147506211175
1.0495618251608867
0.6464712355557262
0.5128061250715659
0.541774170288187
0.11559033828065884
1.5288968163987864
1.313840483364306
0.564562976360321
0.510286380137716
1.3954907113855535
0.39981795455150254
0.5033335834741592
0.9746143326952758
0.2697362960424534
1.034598026597342
1.4505273342132567
1.7142822295427322
0.7419142438875919
3.14996337890625
1.2405633344882872
0.8051183223724365
0.9617606401443481
1.7287553024291993
1.5171786533461677
1.5444616079330444
1.4183550727994818
0.5575840163882039
1.5276394724845885
1.0493395516746922
0.9990257129949682
1.0989895907064147
1.2078170776367188
1.25296972962943
1.4037823189568046
1.0100323632359505
1.1111984923481941
1.9347343444824219
0.9159460216760635
1.0578047508706911
1.1396630453435999
0.4430973142237458
1.2744927509077664
0.9805097096289198
0.5972235217690468
0.9560175389051437
0.40129805149029424
0.7800681276481278
1.489064280803387
1.5201765224337578
1.3326872483543728
1.0756154884584248
0.6327821330617596
1.12121340395599
1.3894518099047921
1.4333543141682943
1.697816591996413
0.4318484207800287
1.517222026983897
1.094658367237113
0.0
1.7490719488033881
0.5681181468118895
0.5251211492551697
0.2286692370494075
0.46980792551689987
0.4164782324620825
1.4238097104761336
1.372551765706804
1.7608187232698713
1.7452478733929722
2.1290731906890867
1.9201438987956327
1.4047820091247558
1.661189179571848
0.7313358531694631
1.3583989761493824
0.6063025666678206
0.7862591870893904
0.5707414781687078
0.9848928605483858
0.4939337815948815
0.9542876929044724
0.6585026262142998
0.37329724176928697
1.509060272290593
1.2384570007700295
1.1358476962362016
1.7091928005218506
0.9791792628188797
1.3547547803711646
0.6892323004242206
1.7355899236031942
0.8997048568725586
0.47590453610662986
0.9466458138747093
0.3748712597402516
0.5377126866519846
0.412973016500473
1.4452360445453274
1.253942860143908
0.5463605589227171
1.5485366540796617
1.693131082936337
1.1056559026241302
0.4139129054911484
1.4718102433464744
1.6652956947388238
0.6671962914063244
1.0251441091756548
0.7484104689580715
0.702477808498467
1.5240072047009188
1.3350631254059928
1.3938917851736468
1.2581905126571655
0.8217551581975486
1.0761388219319856
1.039461249002704
0.8556941747665405
0.8229935684161175
0.7907400899811795
1.1326084519228474
0.9041016504273448
2.21525382569858
1.2316213808953762
1.2555322870612144
0.8961110367374712
1.3344651664175637
0.9612052281124469
0.6320793295451841
0.6975904754948932
0.03100394830107689
0.3998345081114544
1.9034947327205114
1.2349666357040405
1.2225873697277725
1.4565110481702364
1.3794518384066494
1.213044781667682
1.0096495110127661
1.5800908737712436
0.6341134645414865
0.9111526443770057
1.344899838620966
0.6234202878322543
1.961851550311577
1.150689540637864
1.0624482340138892
1.0316640973091125
1.6864619275619244
0.4919721484184265
0.5195203775058914
0.9048957941646607
0.7472802284691069
0.7093568351674849
1.0953876909041247
1.3523353934288025
1.0734300918581074
0.7573525857747785
1.3107812516391277
0.8803491468066411
1.2841099942172016
0.5658492125718799
1.3673120472166274
1.7579610925732236
1.8979609807332356
0.7042725910956891
0.8337368766466776
1.493825091343177
1.4180399880689734
2.445276212692261
1.1122472239349852
1.5398686677217484
0.46860679887876605
1.6518772915005684
0.48618043381844134
1.3204968490383842
0.7020438197966016
1.3201199769973755
1.1800122327274747
1.4426763392984867
0.8822962169455278
0.423189339850912
1.6694109755403854
0.870290485882996
1.560067105293274
0.8714555535465479
0.6893073876344022
2.0173349380493164
0.5723102418644144
1.1103185352526213
1.511602944741815
1.710264694123041
1.024012405386905
1.10840651177262
1.7122895609248767
2.03321424036315
1.2688633441925048
0.7905977865224643
1.1119578641820822
1.5541076293358436
1.2220868760985988
0.5784752503876259
1.3340584987499675
0.8911149571618892
0.7835823241135348
0.7669615149497986
0.8099063898221804
1.6583846985404171
1.5166809722640604
1.3616983713927093
1.5399631178931685
1.4259364604949951
1.2034413883622908
1.4685822173401162
1.3689344836189257
1.5552108263647235
1.0123066033748602
1.5374685562018193
1.3279129624366761
0.3263966484081666
0.4721765508566866
1.7521708965301515
1.822519024213155
0.38464865599148323
1.3105386069842748
0.8362503048797317
0.6813192730221678
0.910883754491806
0.4954931510624704
1.1929830125908354
0.43483208536225204
0.5343659113574502
1.0702733861075506
0.4983649884430778
0.7036857695522293
1.0893906000138118
1.42530571622774
1.0832886214287865
1.58081145967756
0.45648329400315585
0.6411283794075053
1.1399921919360305
1.161210261630696
0.9002155776163845
1.3764604794979096
1.025342837262612
0.7169810711759431
1.5415925528063918
0.9652240927282133
0.930493565485967
1.8671585092177758
1.2482175529003143
0.4971398137855214
0.5479766102816095
1.2767737082072668
0.4160334607524588
0.5251290848106146
0.6332224564170403
1.192591633958121
1.7799619055456586
0.8452534824609756
1.1823715381324291
1.714443929706301
0.5433064970058321
1.0998595268598625
1.6621514678001403
1.3925282990231234
1.2334147095680237
0.7377601485477377
0.830032626948049
0.5124663055152786
2.028319710865617
1.0708061995490497
0.5088709968062032
1.7409213715129428
0.6078210163442109
0.6004083988978374
1.0110286180707102
0.4097036864386489
1.547719990213712
0.9045770404897383
0.8169668511313907
0.44104101163464665
1.3289639060385525
0.8764762728172817
1.4205923513932661
1.433181299103631
1.366505801481636
1.7453034405286114
1.8146828903871424
0.6896263688492278
0.9361548742267075
0.8766361162942998
1.2396352655357785
0.5940837653270409
2.4710254669189453
0.5592367083130293
0.5574923184718571
1.643300590530926
1.9434993050315164
1.592573918402195
0.48276346115185725
1.2236629327138264
0.43063987143061777
1.5185888521373272
1.0194726372984322
1.2354503706389783
1.6125468214352925
0.6923156251871823
0.72577157421716
1.3764776258983396
1.579413076241811
1.5811553883862186
1.2327291007552827
1.7749193093993447
1.5126472681760788
1.5290541450182598
0.510668017537586
1.540583524107933
1.153774917125702
0.9838441813390859
0.48797391014580693
1.8404770856318267
0.7380102159779357
0.8430801467192883
0.8259787139249966
0.8632428837409675
1.63780821092201
1.219616138143465
0.8807599895766803
0.8987506270408631
1.1591002494096756
1.2242713080985206
0.8415657679322145
1.0805229111151262
0.5932267746803436
1.4822650437171643
1.543333974149492
0.3579641225075485
0.4075928152684706
0.7538658049371507
0.8544374417747982
1.255297914147377
0.42838916920174824
0.8934819511390136
1.6881855130195618
1.548692741564342
1.1020379145355785
0.3841863034527428
1.7246081352233886
1.7107654809951782
1.063314203090138
1.7808923721313477
0.5827368347911744
1.2556168527314158
1.6690042714277904
1.3058338117599488
1.8577145590926663
0.26658848488074266
0.2882548175838511
0.9765604138374329
1.3640757918357849
0.8392379642071495
0.47861550294405575
1.5985531837512286
0.330569885276406
1.3949212801456452
1.306697282297858
0.359160450090405
1.4553531038350072
0.5664573504978063
1.0983641687216181
0.9499183403594154
1.0594978119573883
0.47170870942341175
1.5117487609386444
1.369658210935692
1.781646167859435
0.5423957407474518
2.096176321442063
1.3952586141324812
0.7729969128685178
0.4742076281236102
1.9824940051351274
0.5266187708356128
2.2337401628494264
1.7601351922956006
1.315786176714404
0.39470930577607344
0.6441392243549918
0.7147658296474596
2.028079693967646
1.2895784814088118
1.6491157174110413
0.9040527842672808
1.864619634769581
0.46154189109802246
2.1537325382232666
0.7546081079170108
1.5754359558872555
0.6372729280211081
0.6345521238233361
1.1657111975963752
1.122644066810608
1.4082051789174315
1.4937001427666086
1.5647928097031334
1.5767894315719604
0.9063287664525557
1.6972528174519539
0.34154760442822185
1.7018458895823534
1.4521159247348183
0.5311162081232529
1.6538069520677838
1.3235369881408081
1.2775707283327657
1.8338157219045303
1.0077679210748427
0.9618665522692219
1.3899223605791728
0.915993592364991
1.1744927231754576
1.3559304765752844
0.8413159169922799
0.7648073686471838
0.7780859775915249
1.600459236651659
0.5435268128697841
0.63849022596235
0.9283374415229488
0.7026336918406139
1.4725266021230947
1.1148112261334793
1.4345058926421663
1.7300978984151567
1.4389287092183765
1.540091097354889
0.6579651379378031
1.285021434916128
1.968926853603787
1.1781095109189188
1.557718488303098
1.232727504358059
0.6811524494681681
1.3798801859483023
2.2505402694577756
1.8057044545809429
1.1929339356720448
0.34540733079493835
0.9781223318793557
0.7855959090077325
1.3569155948029623
1.7553110939485055
1.6162304608327038
0.8231060435636002
1.0987995854326036
2.0237472295761108
1.2628967240452766
1.4765756900350635
1.362597941428192
1.1596094642391825
1.503685895989581
0.5634542242284643
2.2615519762039185
1.5914968483977847
1.2388697192072868
0.45677649941838655
1.4893148225030781
0.7751620180090729
1.4881937674113683
1.5228645851214726
1.0698273278501451
1.7103892140918309
1.2785405197418203
0.4185054784700755
1.3459185432820093
0.9395446679776623
1.5534895965547273
0.5374430935237778
1.585152738234576
1.9530083537101746
1.5196687117699654
1.6891016165415447
0.64650223122922
0.7900713443756103
1.2102401148189197
1.0315102436984687
1.1913706213235855
1.4207041614892466
1.7491904142055106
1.6402853216443742
0.7785277489992167
1.3950380643208822
1.706567966275745
1.7827425971627235
0.6589022416448751
1.3318845162520538
1.1533406972885132
1.4671157201131184
0.5182334134441535
0.4772907191298294
1.1459696739912033
1.4473415720658225
1.5906837718053297
0.7825286422196208
1.4419841200490542
1.2923322575978744
1.8290948554089195
1.345898498507107
1.1385065466165543
1.6489311016124228
0.6404476988049138
1.8417872817892778
0.5978361613900456
1.5714990426512325
0.5543082829885531
0.7054611602366365
1.3795837190700695
2.1274079382419586
0.4404502586640467
0.43341111790216125
1.1107156488203234
0.8632971346378326
1.7995476921399434
0.9928586483001709
0.5593739833362055
1.5422391667962074
0.9083581661053052
0.37634551396827826
0.9665486208897158
0.6479988551532098
1.2894063677106584
1.0442760163961455
0.7263692040613156
0.9714176907444632
0.33312951040682415
1.500991793161028
0.7262753392843639
1.582126494039569
0.7597125687617932
1.3011331664805381
1.256542185942332
0.7593863585297733
0.4672999295532481
1.3200912609392284
1.1664579488256925
0.4777938849878627
1.3348805904388428
1.8585858382284641
0.7912425462495197
1.7207174631265494
0.7490166604074816
0.5923792229902544
0.4855453850368395
1.3906485998867364
0.5217417903885936
0.38894902333765236
0.9459186406522397
0.563639595179467
1.0470878324418698
0.957630721649321
1.6164117574691772
1.1882134675979614
0.4298760178961501
0.7168599458917088
1.590803325176239
1.4335274236469433
0.5619118170973086
0.7693332082018355
0.39962346528638276
0.8260659363556218
0.5560326471505378
1.5750661551952363
0.4822745379914931
1.449681811966002
1.496085524559021
2.0650914175943895
1.727753642358278
1.0199575493272566
0.5909201201537381
1.4041063083069665
1.044684922217198
0.8534685880907916
0.7697781214724906
1.9635091423988342
1.1548936492518376
0.2720600333366845
1.0436224216222763
0.5170652034576051
0.4186953008174896
0.5727570234051603
0.8443631457119454
1.3395278461371796
1.4406829794247946
1.408672269526869
1.5966282626896193
0.5902083516120911
0.6435047267930002
1.4306872725486754
1.6826008013610183
0.5360356959705519
1.2516319707467936
0.7549521816117282
1.4877779126167296
0.804624371095628
1.490674936242642
0.9225220225630252
1.4834500727519182
0.6140934716638745
1.0700372457504272
1.5092698355190088
1.7079797744750977
1.577275768570278
1.3437791015295422
0.6688073683369732
1.232456287916969
1.44621108424279
1.29157212972641
1.5950413703918458
0.6489119968370886
1.4720507921316686
0.9942458645249439
1.4870551079511642
1.2900263323622234
0.83301838647042
1.4956929657780966
1.78269715990339
0.5465438214457587
1.7095874983530779
1.5656310149601527
0.255133703449704
0.8808449014083833
0.8004150524834134
0.9842249303316044
1.2222032763741233
1.4705947919895774
0.8201603660520339
0.8802499771118164
0.9466643556705768
0.7735822926836693
1.5402881813049316
2.257207091261701
1.3821554886505885
1.2314587308476304
1.060162104419525
0.7888896839064083
0.6009093595557655
0.7345422978778153
0.6352264726694846
0.6945395239301964
1.3370089639316907
1.1581128309754765
0.8654525809817843
0.8436218615410462
1.4513773798942566
0.8475343189010881
0.6245561398023012
0.8136002537331833
0.6052783825649665
1.3325329368764705
1.3804271891713142
1.3913395267266493
0.5453778588219195
0.6044332134654585
0.8391011881659616
1.0658169090747833
0.9432551615273223
0.9469929084785886
0.4856447084060568
1.968487024307251
1.4733494520187378
1.9541299520654882
0.9569950044155121
2.2017541783196584
0.5783543910658517
1.131980588844675
0.8081250265240669
1.2077473217532748
0.32278834506622606
1.0749986071558977
1.2343396329488912
1.663991032224713
1.8371980417342413
0.5763075831398535
1.995991169081794
0.7068101091103421
0.9824731349945068
1.720738152662913
0.6794505738067311
1.1421065881359773
0.9467928575117461
1.7073498127753275
0.6793485300340614
0.5333694728448036
1.7301068613606114
2.107111873193866
1.0666485958629184
1.779339571793874
0.5697229802361782
1.6466167198645103
1.0556658059358597
0.71910774637945
0.7224753151912957
1.1165567250414328
0.6377470327528897
2.2856923158352194
1.3807421067486638
1.5794635749224462
1.486413541010448
1.0651911232206557
1.1366412263984482
1.672253443644597
1.8459269106388092
1.715284218106951
0.771867568771176
1.9438647997379304
0.8628307124044722
1.6697226437655361
0.46871206798399523
1.4952539874623154
1.7548706769943236
0.5154096260666847
2.193268060684204
1.866483449935913
1.1395882782252396
1.5535407457500696
1.785138690913165
1.1631252282747515
0.28925492006998793
1.666374913775004
1.6559302012125652
0.5664884765811314
0.8963455325219689
1.1638416843978983
1.4350791066884994
1.0933006490697923
1.8316025733947754
0.6180288875043787
1.7720318897203966
0.8467597659701938
1.3055467158555984
1.238177090883255
0.7312706500686557
2.798001527786255
1.1232578388310426
1.5783988386392593
1.1966080488193602
1.2692119439442953
1.1052069664001465
1.8014513995196368
1.7946521559277095
1.585856318473816
1.0132140656143933
1.9029149658539717
1.7458415109603131
1.1697100724436735
0.7345432398088326
0.6916166131711559
1.096518760213986
1.9794018790125847
1.041232134579428
1.8642589688301086
1.5994288921356201
2.2681086619695026
1.0427491771203747
0.6488091244504152
2.0804597591603553
1.2426076531410217
1.730172574520111
1.2965351241757932
1.998487966756026
0.4768510776886482
1.637957262992859
1.5648547418366205
1.1126237675066917
1.665634724828932
1.529398876360093
0.903416633605957
1.8743032813072205
1.0102574366410046
-0.21083261437763443
1.496267668902874
0.6787844907665095
0.5408982865956445
1.0727446627932669
1.9060689729192983
1.8145016610622406
0.23750323787430264
1.0174241042604633
0.8709560833772682
0.31348889720755696
1.2817136926317452
2.003575154713222
1.6964660372052873
0.4396407049124604
1.6721919814745585
0.6047721944058573
1.6120581328868866
1.6716799863747187
1.3946724442335277
1.9051301034291586
1.3477080936886763
1.2961786080965934
1.484822928905487
0.21819581273967856
1.6408914417590734
0.3798298895951138
1.485627992645554
0.8405903601241822
0.4993220655777991
0.7823408543323445
0.5341971110034462
1.6972384452819824
1.2325511793821853
0.8058618311801099
1.622201289679553
1.3164073251413577
2.114941328763962
0.7633496998062986
0.7382729851844295
1.5929826498031616
1.53611110560596
1.1997947898132122
0.7070101117160147
1.61818118167646
1.86604805290699
1.3596406907870853
1.1493463856287491
1.8133533271876248
0.7863310862864766
1.608624655859811
1.6934229797787137
1.754555065717016
