0.0
0.0
0.0
0.0
0.0
0.0
0.0
0.0
0.0
0.0
0.0
0.0
0.0
0.0
0.0
0.0
0.0
0.0
0.0
0.0
0.0
0.0
0.0
0.0
0.0
0.0
0.0
0.0
0.0
0.0
0.0
0.0
0.0
0.0
0.0
0.0
0.0
0.0
0.0
0.0
0.0
0.0
0.0
0.0
0.0
0.0
0.0
0.0
0.0
0.0
0.0
0.0
0.0
0.0
0.0
0.0
0.0
0.0
0.0
0.0
0.0
0.0
0.0
0.0
0.0
0.0
0.0
0.0
0.0
0.0
0.0
0.0
0.0
0.0
0.0
0.0
0.0
0.0
0.0
0.0
0.0
0.0
0.0
0.0
0.0
0.0
0.0
0.0
0.0
0.0
0.0
0.0
0.0
0.0
0.0
0.0
0.0
0.0
0.0
0.0
0.0
0.08511331783521255
0.057083349467979536
0.048000580353009234
0.036947598680853844
0.03197550263844038
0.02704166423618084
0.022604124310115974
0.019543619713548458
0.017786318203434348
0.016046594398526046
0.015296099690551108
0.014969323761761189
0.014751344605154076
0.014167272627649719
0.014017218770459295
0.013746195725652556
0.013764906511642038
0.014130081606750515
0.014302959355215231
0.01373394736303733
0.013553757812605788
0.013505068521280557
0.013396845842452394
0.013164247758686543
0.01300075436787059
0.01257937410545926
0.013980468605577155
0.013205339243968592
0.013063807305664022
0.012384045373727667
0.012703345589605826
0.012803998704637505
0.01187572708692063
0.012297332077287138
0.011770620575231133
0.012444781843954936
0.012050034243934202
0.01176610461583263
0.011465360526926816
0.011663085826468177
0.013956213750961151
0.012145521310277475
0.012404050949393518
0.012633901107932954
0.012353051805387665
0.012304586987473711
0.011959676314810557
0.01204130332916975
0.011635391507297754
0.011927140771799924
0.01253997889580205
0.011789351410698146
0.01234223267421225
0.012515621733936397
0.012038743468803285
0.012288390870460054
0.011811610847964124
0.012694829081495603
0.01193699607735171
0.012006180169714602
0.012095403407287124
0.011730693126504389
0.01169235912453852
0.010895521784930126
0.011336991118024225
0.0122716190914313
0.011710152788618148
0.011412557616245513
0.011403257070924155
0.011298737482519338
0.011423608103137932
0.011082337171371495
0.0113511466554233
0.011517071866660148
0.011584947749182877
0.01024837326258421
0.011218658851965374
0.010869128940006098
0.01104684061435766
0.011046497768025524
0.010717271662810269
0.011557134903139539
0.010948268937206032
0.010897466712273084
0.011080904348382672
0.011038521212211112
0.011176018698128643
0.01156245986931026
0.010831873348381902
0.009422714123502374
0.010877663698537569
0.01097462217119948
0.010989192161051667
0.010869444227747379
0.011528213197986284
0.0110328992619025
0.010967633212046907
0.011328447418396963
0.011084565247239714
0.011123249847441912
0.011157513694151452
0.011693320935592055
0.011553998543134589
0.011212654618753327
0.01139465422782394
0.01132396710974886
0.011612205118533002
0.01187332356943095
0.011401176371652147
0.011379571712035456
0.011089002125357328
0.011462870581110693
0.01149321079796908
0.011518088917780136
0.0117634869646281
0.011492464648226633
0.011227003568293233
0.011522456305101514
0.010652028024196625
0.012037102256389643
0.012071018118593024
0.011479072006685393
0.01184743931634894
0.01206307008051046
0.01171553819781033
0.012171708586576738
0.012017663213468734
0.01192131876730575
0.01015378162264824
0.011816256670281291
0.011927776729429004
0.012169521746059127
0.011752223334042355
0.0120843261527487
0.01074221016218265
0.011865947415378499
0.011583712697029114
0.012440056570910461
0.012862669546157121
0.012970584658905864
0.012721751033077164
0.012644801288843155
0.012589798043697874
0.01211906803726423
0.012195849970534996
0.012376487763090567
0.012330967747908555
0.011595491573891857
0.01247633770354931
0.013062399695627391
0.012081009934523277
0.011972597590493446
0.012023438872239053
0.01224904791571391
0.012323293834924698
0.012259478525569042
0.011529284732922024
0.01172367725521326
0.01159744131816736
0.010599169647321105
0.011284332555621418
0.011283487192399445
0.011332328935774664
0.01157059017065409
0.011379110999405384
0.011634252883755324
0.011622576018338961
0.01119430695491081
0.011558366240933537
0.011454862528953
0.011274621809604547
0.011206608851315435
0.011057067261045349
0.010955860316753387
0.011436967610918133
0.011886257092338919
0.011708033700032454
0.012269674434459634
0.011011661030352116
0.01135535872782822
0.011706229099737746
0.011527717503643519
0.011306979656949932
0.01123470010123018
0.010227526538074017
0.011649776268627076
0.011489402548205562
0.011601426344560949
0.011303378788467783
0.011504523249136077
0.011666750230898078
0.011357264038150674
0.011361672205009287
0.011553909008701643
0.011510682990774512
0.012825365616556476
0.011564668904767077
0.011334065398251688
0.010661604814231396
0.011636447635412748
0.011148833378683776
0.010963124251709535
0.013935204362496734
0.012203816053093664
0.01306509572568516
0.013381872326135635
0.012905386555939913
0.01232318872851985
0.012340132381446314
0.012796400992486339
0.01275467152070058
0.012694996399010798
0.012206761261486277
0.012314496406664452
0.01215273960558481
0.01198824136517942
0.01268906518816948
0.012232366535398696
0.01183569956232201
0.01291295461770561
0.014131661038845778
0.012126881824156572
0.011861481125755557
0.01202806631905319
0.014958642655983567
0.011926228436184865
0.012702152443428835
0.012847675941884518
0.01224778268782311
0.012475596822417565
0.012855554274163948
0.012700134243529577
0.012706391872411751
0.013822612437334928
0.012838359365964102
0.013257166000223287
0.012244756721581021
0.013049013247447354
0.012983640051440688
0.013378036996492973
0.012389898433216981
0.012395591357883238
0.011908115652788962
0.012627559928939892
0.012565819688437396
0.013273446813104599
0.012633734589649571
0.012932358407660535
0.012792333122342825
0.011673471624297755
0.012951361656879747
0.01233970512112137
0.01262148319510743
0.012624809228574597
0.012539834875786146
0.013035480097374496
0.013361611346212717
0.013160464793162525
0.012753525064234307
0.013619691121163747
0.012954780005461334
0.012897668406367302
0.012807075581852569
0.012598496883930195
0.012287597677713593
0.011960890764991442
0.01229496410508689
0.012173907048013431
0.012190075116293714
0.012245647845760224
0.012690423345514413
0.012042251591394831
0.01198887787759304
0.011726926296752021
0.011745950931476222
0.011918765120208263
0.012064408295053914
0.011656797491014004
0.012525392323732376
0.011900168393325332
0.011871303897351027
0.011695949445393953
0.011745787442738848
0.012094424804672599
0.011494100778637564
0.012482210050108812
0.012454326897497895
0.012649419967696737
0.012283442304172415
0.01233032505427088
0.012401053842329821
0.011996636391970617
0.012542805005333677
0.012315325904637575
0.012087473049759864
0.012052832748885302
0.012077811829469822
0.012777648400515318
0.012465042341500521
0.011931195810791991
0.012318337874469953
0.011837751262498145
0.012078023464842276
0.01232179215347225
0.01328375790613574
0.01329812869274368
0.012867461779110488
0.012825069363099455
0.012561153102394761
0.012300463751057126
0.012656148590936962
0.012400813308229904
0.011675129472105592
0.012481149441252152
0.011465584486722946
0.012123444841967689
0.012139313573123148
0.012165840943374777
0.012084597915721437
0.011634554248303175
0.012247980837494333
0.012164180796124682
0.011509425782908997
0.012266969922930002
0.01379668631216907
0.012987736950593966
0.012382224900647998
0.012180215881570526
0.012256004537145296
0.012314954236001763
0.012121837142677535
0.011093064676970243
0.012818219191912148
0.012172656491971932
0.01177733238786459
0.013634770177304745
0.012257009048957422
0.012025116052892472
0.012779315498967965
0.012379774866958723
0.0107041303999722
0.012546375622072363
0.012469491455703974
0.011905699709294648
0.012028624108361622
0.011825572125712372
0.012080403449742691
0.011830332156802927
0.012059525198099628
0.01194884686033852
0.011896178199380053
0.011722300883109977
0.01179336559246568
0.011921732608849803
0.012322149112481962
0.011928981217213823
0.011658811886959216
0.011614667523341874
0.012266813497990369
0.011120609901845456
0.01169843039789934
0.011748880594968796
0.011544350084435466
0.011216606938631723
0.011108466832921273
0.011290609197435426
0.011543621076270938
0.011048787859398009
0.011060868363295282
0.011160121175150077
0.011402663687476888
0.011428238248473473
0.011028733162675053
0.011437553790924341
0.012459247451970133
0.012799602001905441
0.012808151915669442
0.012339021319782498
0.01206723273121166
0.013747084140777587
0.011914594705368197
0.011654393460888129
0.011663164931202405
0.014494610019028187
0.011855967808514833
0.011802460548692736
0.011462136529484726
0.01130064246892337
0.01120150381506517
0.011150446318259294
0.010396119672805071
0.011255430337041617
0.010991929283994712
0.0109637382440269
0.011562786789404022
0.011190117053095474
0.011132290833537152
0.011118190096957343
0.011470032122099039
0.012230478837841847
0.011635908344760536
0.011840740274267876
0.012192467434538735
0.011522721664439286
0.011438730145421098
0.01169004679347078
0.011883367598056794
0.01143063502228361
0.01130445111034946
0.011369361181653315
0.011738612539256397
0.011715855449438095
0.011666902207902499
0.011851198350389799
0.011449995845408234
0.01151850222554428
0.01133952411296575
0.011635841092183477
0.011321676558399775
0.01110689148772508
0.010816055091304911
0.011133078385043788
0.011059689488069251
0.011274857016710134
0.011307383412556932
0.011308809020710702
0.012170494762821156
0.01181910906418942
0.011600411962717772
0.011464442027769736
0.011221545457374305
0.011807445301026698
0.01138956665706176
0.01199412163322335
0.012048722403322129
0.011693294160068035
0.011076291987242607
0.011266105561609695
0.011469665196325097
0.011794434178487532
0.011070262951155504
0.011052853625193731
0.01118516045001646
0.011229105558961828
0.011134850959114682
0.01085349362318879
0.01077546723285653
0.010776021505227766
0.010657608478225224
0.01092165315640159
0.012023816347763634
0.011663459790315455
0.012359538205689
0.011849567847093567
0.011942220978777517
0.011398618051316589
0.011244409828638004
0.011010918463580311
0.011219977240836778
0.011307970380151508
0.011866560952108822
0.011914583388715982
0.011535779517514026
0.011823109846482886
0.011249769978619964
0.011202707691767882
0.01117425359446894
0.011071409487369045
0.01177090040056516
0.011519855311648413
0.012176934583112597
0.011316040259165069
0.011233049971253975
0.011133972846437246
0.011536436434835196
0.012291152278582256
0.011636626043215099
0.011599452227905944
0.012129630881133458
0.01192822249988649
0.011763246729969978
0.011585253130471864
0.011618231795728207
0.011547513183136031
0.011680482815091427
0.011695025870815301
0.011477524414658546
0.011033216823956795
0.01147952845527066
0.011071601799313003
0.011601937269525868
0.01098438785318902
0.011041364033839532
0.011236071087025254
0.011477323714643717
0.011680847798652996
0.01122565921093148
0.010625940126677355
0.011148935364138695
0.0120935681898961
0.011883246946759176
0.011380864416851717
0.011044407396444253
0.010897559313369649
0.011225496760259072
0.011013152839785273
0.010869157500565052
0.011465120491468243
0.01124501142601501
0.012082080041328746
0.011598706511514527
0.010827240836177324
0.01420965821792682
0.011165933220937157
0.011172420112416148
0.011731240583818085
0.011774541030442991
0.011647725240358257
0.011568056629790414
0.011083590688512605
0.011334991580104991
0.010965466869390563
0.010873837518357785
0.009623694699257612
0.011911268993888212
0.010632300564390145
0.010391179887253953
0.010654940479589219
0.010803998616672512
0.010307982144877315
0.009956197114661336
0.010634549553432161
0.010698761858835521
0.009970096535980702
0.010495548947330784
0.012433506640920182
0.01174759745153765
0.01064677257090807
0.01078509179788907
0.010549949901486864
0.01042006507050246
0.010559204183518887
0.011098576257271425
0.010151207929960004
0.01114107428916863
0.009048520121723413
0.01059476109886808
0.010687107619430338
0.010603469605280073
0.010652412432215071
0.01106821270659566
0.01057667113125127
0.010150116635486484
0.010692450769911736
0.010762050834219187
0.010621641180478036
0.01068885363638401
0.010072522858778635
0.010418114114414763
0.010583757615551866
0.010649610643848678
0.010795929685037658
0.010883547647228075
0.010777550379418775
0.01077488543185061
0.011140086448215174
0.009970148093998432
0.01062972295338547
0.01064319500317242
0.010906250458210707
0.010612410635261213
0.010765972946371351
0.010984876565635205
0.010809189606063216
0.010696467477828264
0.011689774579170979
0.010768139210609805
0.011080086434958503
0.010748202627104136
0.010957359801977873
0.01104305727740392
0.011045669611447897
0.010926297555367151
0.011132643725723028
0.010632046964019537
0.01117134251846717
0.01085760620319181
0.01139472992103917
0.010818423616678216
0.011189484129974385
0.011280531192628236
0.01133392909726757
0.010934509356763768
0.011117342891621178
0.010969901488267429
0.01103150470811405
0.010795978614344047
0.010926759037010323
0.010616575309541076
0.010334022529423236
0.010338511085137725
0.0107458990337066
0.010744116851128638
0.010945450496051879
0.010743905432423614
0.011092699132859707
0.010374657188852629
0.010736516233356226
0.01059007603261206
0.010662777194132408
0.011579248117696908
0.01050125528126955
0.01153539102031103
0.0095911156386137
0.011156753909129362
0.011608126615597443
0.011761696630362736
0.013100250624120235
0.011542589558909336
0.011463466643152252
0.011700118211312937
0.011147554963827133
0.011251703385781768
0.01108990301260885
0.010134509764611721
0.011082194548174246
0.01066289475808541
0.010627984777902779
0.011006538787030227
0.011111861587885548
0.011008013221253823
0.011509789561387151
0.01091755827727877
0.010892268916477963
0.011178796882710314
0.010965531003539976
0.01098082730213538
0.012004109099507332
0.010813842354872764
0.011024779180225767
0.01086806125988234
0.010592096833672546
0.010206004232168197
0.010518550280142914
0.010547158308327198
0.010610000070011774
0.009973388553286592
0.010643590873639499
0.010723483043394107
0.01077737650998375
0.01076759272990258
0.01070474743201638
0.010353766913924898
0.010403394482896797
0.010477138177448551
0.01116733911580273
0.011151684615928848
0.010742696268217904
0.010814689249581807
0.01087701081830476
0.010854483144172769
0.010830800579429067
0.011018862781293739
0.010888841771520674
0.010766797078152498
0.011106521562608175
0.011206407402233597
0.010767043091703293
0.011206012632426442
0.011196798139208595
0.011795072816312313
0.011771025160783963
0.011809767128374333
0.011340759787091752
0.011276894341537495
0.011571160270924995
0.01148049197322929
0.011040842259265729
0.01143130112439394
0.010642290839718448
0.010750199711226203
0.0110314490337824
0.00976470997557044
0.010899314275858078
0.010633316653018648
0.011421442235394425
0.011348081423955806
0.011316705476615996
0.01114233474977113
0.011877090902999043
0.01123328467182229
0.011007777789485789
0.011679465183988214
0.011153185740113258
0.010834173101034981
0.010984510848564761
0.010971115914401629
0.010424600852032503
0.010690887726969639
0.010831564788194682
0.0110131132767986
0.011201394414836233
0.011424047271190564
0.010949939032954886
0.010774715570732951
0.01068360178864428
0.010742854693213875
0.010019754292443395
0.010794252867775935
0.011021077784750125
0.011189248933292487
0.01071021624452231
0.010535273152137441
0.010803766179985056
0.010619473119346511
0.010928962811432926
0.010937223778359147
0.010556911408210433
0.010234285419916405
0.010418757116422057
0.010042297964294752
0.010567801327190617
0.010629798383127118
0.010829829488743524
0.010400501480757796
0.010739021882828739
0.01103921588510275
0.010328141830565518
0.010632835803491785
0.0108416581908796
0.010980241795939006
0.011245878358535907
0.010611317053969418
0.010868184740303566
0.01112607971674973
0.010689857187650061
0.010577494537593513
0.010538432724951278
0.01062791592854735
0.010165583807975054
0.010637688963693015
0.010507682242836708
0.010708407264523554
0.010604025999589867
0.009591874356071154
0.010738028848374432
0.011107796186346882
0.015076203271746635
0.011069205817797327
0.011144309950571868
0.010546750901266933
0.011372320726513863
0.010808043492337069
0.01125628832041433
0.010405301116406918
0.011464873037766665
0.011796023273332552
0.012302887625992298
0.011295146562836388
0.011357525363564491
0.011987572070211172
0.011338694486767054
0.0112904574499171
0.011703748721629381
0.01107836350650582
0.010549849271774292
0.011187555694154331
0.010960164329256205
0.01107398072296443
0.01082678425355234
0.010554249747656286
0.01134963659569621
0.01108311302959919
0.01075556532068308
0.010897732549501176
0.011507500571986804
0.010789745154657535
0.01083947681754038
0.010643617865049615
0.010854300200837115
0.011005188744034498
0.0111146547684544
0.011073412415994839
0.011319292370568623
0.010690611478755411
0.010901875949154297
0.010634332003308013
0.010782121680676937
0.010479662807917359
0.010799888987094164
0.010208654048090631
0.010716198400283853
0.010628766500421109
0.010780987096950412
0.011317354006071886
0.011146150819266475
0.011800721460422933
0.012081242585863104
0.011744410666669237
0.011936603738542865
0.01201649790422784
0.011931562625175836
0.011925462633371353
0.012082531234089113
0.012123263906687498
0.011905836336166653
0.0114408199248525
0.011492945440113544
0.011941325533288446
0.01205343714350984
0.011774766715305135
0.011507594425763403
0.012063479464915063
0.011495541559443587
0.01156341547874228
0.010960122984316614
0.010833590291440487
0.011148804953942696
0.011189467131795472
0.011444375850260258
0.011209633981574648
0.01133534550252888
0.010956918456844541
0.010636972551181064
0.010986379995350017
0.010698175872676075
0.010921042614980885
0.011689625698949723
0.011684619386990865
0.011235032595046188
0.011344656915656778
0.01112893062785564
0.010647531796960121
0.01137286972945297
0.011239757736188334
0.010749327160714084
0.010798962392060962
0.010955387618132802
0.011039216465388354
0.010812096763402224
0.011809092015028
0.011280935257673264
0.010924421485543736
0.010702002526765378
0.010660961497988966
0.010558955272696666
0.010441847839964586
0.010467130955823554
0.010246522341142683
0.010514938457566776
0.010286138218361884
0.00983057909955581
0.010570830720312455
0.010119716357439756
0.010448628252274111
0.010982536803930998
0.01033494459304786
0.010333106285188257
0.011516616120934487
0.010348788881982793
0.010689124045585165
0.010437278947590486
0.010767347572079623
0.010397215642464848
0.010518507876743874
0.0103659157005959
0.010397079187290123
0.009470818032111441
0.010235866229512438
0.010173307034797621
0.010140868458921546
0.010278446634334547
0.010418755338630743
0.010379868319198009
0.01014920522861961
0.010183616208270291
0.009910312032809964
0.010098865996538238
0.009985874341637418
0.01021119018412189
0.010183347944194907
0.010097171068931652
0.01000146467904776
0.009923119097948074
0.010108555512909857
0.009201976781090101
0.010439011206640708
0.010588642209768295
0.010114581204418625
0.010071157324701955
0.01009849994443357
0.009920792157656901
0.010033535957336425
0.009741100494978049
0.009743640757480403
0.009461282521165562
0.009573426964477851
0.010246127254841541
0.010287177171558142
0.010147042417277893
0.010633964336624271
0.01099486613797175
0.01117246150970459
0.011258122161962092
0.01073280018476757
0.010184742643364839
0.010912294685840606
0.010772744452716499
0.010626672656084133
0.010629358510209234
0.010742904100981023
0.010582701047907954
0.010409107037036625
0.010239072896615423
0.009906641919062369
0.010026908200234174
0.010139026846259069
0.009845129920428755
0.00979675945289285
0.009732294938774831
0.009634935363594974
0.009923575484814743
0.009654372276750622
0.009615429677069187
0.009250541490436805
0.009515920972549602
0.010413499965675567
0.009893834773524134
0.009617788479366202
0.010111101747800907
0.009021304547786713
0.009820387081940048
0.009785437265670063
0.009683120767555094
0.009636264177970588
0.009252516294105185
0.009630800015293062
0.00996209674381784
0.009559491476574481
0.009590030567634184
0.009633647148429557
0.010118382446319851
0.010230388958007097
0.010277153921023702
0.01020294317412515
0.010120936792763258
0.010115413022973876
0.010206516536063706
0.009893422452917952
0.009833625348454172
0.010186837816499913
0.01049173969243254
0.010112445983395446
0.010110665476628092
0.009734553143086022
0.010190175240859389
0.009380213528250655
0.010206488990469983
0.009854394430294632
0.010238016067405806
0.010015970685007359
0.010342627625504974
0.010059919208288193
0.010282239041708666
0.010070489543313915
0.009144539711996913
0.010058199521154165
0.010571196254703307
0.010221175791230053
0.010083173549678547
0.010263300707428069
0.010167122790307709
0.010038168883572023
0.010167496589322885
0.010018769065719961
0.008890636265277863
0.010545586716901782
0.010436338682969412
0.01011274205614822
0.011115500004962087
0.01033339936596652
0.010345474566118075
0.009823233909667172
0.010072725202074114
0.010317241850619515
0.009682293463912275
0.010193148489903521
0.01055051429818074
0.010135256818362645
0.010066809353686996
0.009252451360225677
0.009056798448520047
0.009881226654281679
0.00999381831206847
0.009679341610048858
0.009707464302730997
0.010116990780594146
0.009841734947427022
0.010048680162678162
0.00984132274681208
0.009948652715650418
0.009948888334094097
0.010080847395769019
0.009947683866180125
0.009801297352231782
0.00855294382199645
0.010374997013939484
0.010966265206941618
0.01017327665943991
0.010478806347236969
0.01128023276290554
0.011570743491737456
0.010989942550282888
0.011421261460131763
0.010434902583559355
0.010704182252726135
0.0117151594245868
0.011161527978811437
0.009310379313925901
0.011190006897474328
0.011147389322519302
0.009655521251261234
0.01106090439693225
0.011331879650242627
0.01081821820791194
0.011291334423983451
0.011325007896648337
0.011332841256991128
0.011226896984645953
0.010011264051382359
0.010947104396396562
0.011050160813903967
0.011058898836941711
0.010950530225423393
0.010592250653005989
0.010607643173106255
0.010769007004146437
0.01100132220017258
0.010955513547489186
0.011043452479712227
0.011538953136871843
0.011453625667368022
0.011535350714396956
0.01089743110868666
0.010837591911961392
0.012036480490636351
0.012598445056937635
0.012110281890879074
0.01251312877284363
0.013868236686072207
0.01408962183391925
0.013181447462799648
0.013140852696129255
0.013266524354762891
0.012707271415814264
0.012202670286980367
0.012010155011289167
0.011677653025332335
0.011784903550927607
0.011424074189996483
0.011323012852084797
0.012370962187006378
0.011613667331981343
0.010905518358492333
0.011389250377527414
0.012349086328564832
0.012063590695663375
0.011420037375380662
0.011235114532921996
0.011738385150178533
0.012748878145096253
0.011483198270906467
0.011484982292321358
0.011725685805921128
0.011603590101003647
0.011353743199089711
0.011313513243714204
0.011687222723331716
0.012104274879675359
0.011785028918989394
0.010995553407285894
0.011418791953474283
0.011245976172466862
0.011373423552140594
0.011547172480883697
0.011716504996440497
0.011777709238231182
0.011501778149977326
0.011754902312532067
0.01145631636268106
0.011377738332314207
0.011084723311001497
0.01109427155982425
0.010523952878056428
0.010760116734002767
0.010349143669009209
0.010774739073510741
0.010815524428293404
0.01072205537930131
0.010768815313792781
0.010404424170370807
0.010679548270136908
0.011360525628490164
0.011256568143082573
0.010020677465945482
0.010654111625626683
0.012757941614836454
0.011055140228732335
0.010912122908017493
0.010992718755656125
0.01073739980717027
0.010730254071715632
0.010829054947868483
0.010553067772100303
0.010821841048951052
0.010846791692174874
0.010822778265454516
0.01148099879710338
0.011325932728747526
0.011329267280645499
0.011469249751556802
0.012067209493289602
0.011943519162014127
0.011257116682827473
0.011546835424454232
0.011716999747164425
0.01144946441794468
0.011206135771164064
0.01139719714410603
0.011098608430104935
0.011020387190261058
0.010876427786979849
0.013265087269246578
0.012057773536071181
0.01107500831843639
0.010896195657551289
0.01086677381147941
0.010881042058598127
0.010791528698624365
0.010500583837324001
0.010670997608791697
0.010353294446280128
0.010445772244638165
0.010201545634671398
0.010699048304022888
0.010378985780559173
0.010755331992535599
0.01065408041244311
0.0106402938677506
0.010981671611203793
0.01091782223827989
0.010507056973751216
0.010761616966472222
0.010471684932215324
0.010415266912717085
0.010294442213084919
0.010333251411601014
0.010090326305795858
0.010149888694286346
0.010365382810546593
0.010487074146254195
0.010508147308861973
0.012024310510605573
0.01029856629403574
0.010539053504665693
0.009928652318194509
0.010558813461102545
0.010869517267026283
0.010426304152896327
0.010660091852954287
0.008015092462301254
0.010530822201083038
0.0101988748921191
0.010521631157457434
0.01047861251042576
0.010464970210921905
0.010557130236050179
0.010716535434718953
0.010682981591671706
0.010105978697538376
0.010010193484142805
0.010368259320425432
0.010434684578008604
0.011766559444367886
0.010396294215607721
0.010929663420507782
0.010638799948187975
0.010204769097841702
0.010443318355828523
0.010311044471967496
0.010584233554475235
0.010199153969474769
0.010728315636515617
0.010538853941576892
0.010118281585164368
0.010247055755693787
0.01036302496783978
0.010252138257355374
0.010197916344084122
0.01073551234387891
0.0109097993789384
0.010968548783825503
0.011222738140661801
0.010992959702991887
0.011490965075790883
0.011167295641012934
0.01084276091381414
0.010808681111250605
0.010342074868579706
0.010908069268155556
0.010786048736837176
0.010636759650529615
0.011008840488890807
0.010530883729781794
0.010839586464786216
0.010453369042879303
0.010570928047330964
0.010728866061461824
0.010488698567380968
0.01041829301458266
0.010365698082582248
0.010336963481436305
0.010377172062075451
0.010079343972558325
0.010309854978757188
0.009340371005237103
0.010286042509933577
0.010240877799640427
0.009823487140238285
0.010363739708231555
0.010559728233427402
0.011024537620445092
0.010588304952104041
0.011747646423848882
0.011753048359726867
0.011380329191536698
0.011338436377367802
0.011204402098148469
0.011340546462198963
0.01097287168565965
0.01105410615221048
0.010926658596029344
0.010214552542330413
0.01032172000178924
0.010442136490548199
0.010379977601890763
0.010557573331853018
0.010641218693495191
0.010598397217690944
0.010478215175680816
0.0103677870528329
0.010714793323793194
0.010229571759454067
0.010041593760251998
0.010233020672068887
0.010911162197589874
0.010166688205439919
0.0100212169604169
0.010820874385535717
0.009004666469991207
0.010416297679906017
0.010151408509247832
0.010040353517979383
0.010062411246407364
0.01016907182268121
0.010350876611145522
0.010229001537162736
0.01045289722440595
0.010322078087965383
0.010743551887571812
0.009371599741280079
0.010418414152157841
0.010409833450632339
0.010408192407339811
0.010426761261348066
0.011028403857266469
0.010755243982552298
0.010682576064587824
0.010725288727396243
0.010655716611225097
0.01055017068661404
0.010380822946224978
0.010149347595870495
0.010256740931920178
0.011968992857469453
0.010311845963930382
0.010404136776924134
0.011977884375179807
0.010932173890372118
0.010397600845016283
0.009921664972939798
0.010054443031549454
0.010224471903509565
0.010243945049517082
0.010376089718192816
0.010036740762492022
0.010278476340486514
0.01006902230437845
0.010313529961018099
0.010385333449535426
0.01012273197993636
0.010029815250273907
0.010138789308257401
0.010247152310186698
0.010060244270502344
0.010274136797166787
0.010430773378026729
0.010291151453436601
0.010642908050968552
0.010130920761961811
0.010434535401010955
0.009813135051551987
0.010573365200888103
0.010751335560930091
0.01052557649892687
0.010429465853368604
0.010722596608102321
0.010251620082886189
0.010074412378554162
0.010159370523340852
0.00978878177702427
0.009808264087353434
0.010035927799579344
0.010592309581976728
0.01065856379323772
0.01004277261493441
0.009958900098519569
0.010475301615348676
0.010206619199986259
0.010208715766406896
0.010090163181303069
0.010152755428053852
0.010558193416467734
0.010297843914789459
0.010893444220225016
0.01020908952714541
0.01033929479058071
0.010045740451194987
0.010033068727822073
0.009952659020200372
0.010107302343443272
0.010323093868792058
0.010142869124842795
0.010110968701718818
0.0099715025968511
0.010251534746203106
0.010569183282892813
0.010172030697299154
0.010175370392115676
0.010165725146969225
0.01090920902788639
0.010249328114931157
0.01017229382984883
0.010530043624662208
0.010129857238437703
0.010179330398769755
0.010363206361114178
0.010486317455376449
0.010304189417078051
0.010622625310833637
0.010292466384488226
0.010081981128502277
0.010143223992666069
0.010411555743128654
0.010579610495148477
0.011592943221330643
0.010424104099784861
0.009970484053095181
0.01013786071667173
0.009871713200349682
0.009744184909920607
0.009990418513045937
0.009795400949306046
0.009485571569001133
0.009511774764038049
0.009546393156051635
0.011429115198552608
0.009470491769311369
0.00971705528494242
0.009796050604729151
0.009687179682909377
0.009594908587772536
0.009154670406132936
0.009440344915608105
0.009486752293929951
0.00953010492482964
0.009543718973873183
0.009517292292522532
0.009480865206569433
0.009826369480126433
0.009320971593014057
0.009096045293571317
0.00892971153371036
0.009375352844050744
0.009365836881832885
0.009229014627635479
0.00916440238077671
0.009084873001224228
0.009561874583596364
0.009495975002523093
0.009904318500221485
0.009532951654261903
0.009332585017901004
0.010090170117715994
0.00954615343238739
0.009443959043196896
0.009498410633196367
0.009716606378788128
0.009674547240138054
0.009249747098602403
0.009289026204496622
0.009503612760454416
0.009261395075116996
0.009627311024814844
0.009864657084204701
0.010003994863529672
0.00968870794745964
0.00973631262492675
0.009470628751885323
0.009615733550355726
0.009773192609604818
0.0098449584390772
0.009868169203400612
0.009793227871081658
0.009806803356708083
0.010050431456572065
0.009866933495620426
0.010345463159907338
0.01009296187229695
0.010049851046818676
0.010132617431242536
0.010063758361394759
0.0100433105490283
0.01018456113882936
0.010145199404943068
0.010092507863032913
0.009538444845626751
0.010274806709656881
0.009902410924632028
0.010428505653346127
0.009989720359074557
0.00946600635402969
0.01000161041869529
0.00992848916250645
0.00999405826715862
0.00960192047059536
0.009874555117943707
0.009833277435973287
0.010462006609516824
0.010341427378381127
0.010449623955147607
0.010156457331807664
0.010026050839474462
0.010021413624700572
0.010066783727942319
0.009936877646613003
0.009523574635386467
0.010498348771538955
0.010688500117454956
0.010628484401174566
0.010445283252303884
0.01035289131951603
0.010583317369864082
0.010213830156732868
0.01029700755939952
0.010122012127848232
0.010314716578081803
0.01038797599084626
0.009994597343838965
0.00990393049205127
0.0097814679781086
0.009618507133833817
0.010072515346109867
0.009724588254871576
0.009351611473701067
0.009642273653298616
0.010001321273874368
0.010227743225793043
0.009873494142084382
0.009930770987501511
0.00974486279855704
0.010622670873999596
0.009418002873038253
0.009913088174329864
0.009699776254851243
0.009697381493370264
0.009482539991219329
0.00963415968645778
0.009916272443034594
0.010002814523184932
0.010054833134709616
0.00991618467359156
0.009811392394376213
0.009983181953430176
0.009714097432200088
0.009723781935463194
0.00966528281569481
0.009583994265127656
0.00938932809497643
0.010044596136381097
0.011167223183590858
0.011134977918118238
0.010480103954577293
0.010728119562069574
0.010454653990485811
0.011175016003350417
0.009590682573616505
0.009362770531039972
0.01036191906667117
0.010183887605536852
0.009805418085306883
0.010615904963519794
0.01016888115555048
0.009880217477538675
0.010383032409376219
0.010074352327462854
0.009201932698488235
0.010306318148674554
0.00988790299743414
0.010497852949605833
0.01026658367192903
0.010159144555596081
0.01011616715713758
0.010326214666877474
0.01032150513955102
0.01051031496247341
0.010971398203824924
0.010570669173577567
0.010455498704686761
0.010642354469129582
0.01033406008947764
0.010357910818937752
0.010008282700417847
0.009579399700409599
0.010578718745698597
0.009776635710815234
0.010412966283593351
0.010137287323318776
0.010327360851483213
0.010787384037274061
0.01150588771161526
0.011157344077498866
0.011153329459839309
0.010528068563944061
0.010168317288111944
0.010133184145819
0.010444426947894195
0.009990679303689904
0.009990017651426082
0.009494439819025875
0.009780142024554165
0.009597086582012129
0.010128718433864661
0.009466145415821218
0.01021511507023013
0.008811740872139732
0.009182199882035027
0.009086170011748936
0.008660000067071192
0.009325859346427023
0.008828644044697284
0.009344353259851536
0.009066432076105416
0.009248100009492853
0.010003345064996253
0.00858493694333268
0.009264173540508463
0.009085156849675601
0.00908273116995891
0.009116249686316741
0.0086834451649338
0.00951178234366589
0.009007136850636832
0.00878152231286679
0.008984792885055999
0.008654188636379937
0.008905891117385843
0.008853207696969343
0.009064264062002596
0.008760992548619674
0.00813104131851684
0.00886353517000545
0.008605979947336265
0.008574146710868393
0.00842207167962832
0.008540783453708059
0.00838289640681899
0.00881658045744354
0.008662596616583565
0.008576084612727616
0.008412933846900486
0.009108289144933224
0.008807231082493882
0.009434295818209648
0.00815913313999772
0.008688655176103628
0.008631668843032902
0.007766979746520519
0.00873362020674077
0.008363846754223503
0.0086646526416933
0.008143304879295415
0.008691951565976654
0.007612055101032768
0.008342777939551339
0.008707754138029284
0.008462062116119672
0.009094683111133362
0.00864544943565639
0.008302702842389835
0.008470680784887157
0.008352696278749348
0.008479729402711652
0.008414412838950133
0.008511354715026767
0.008131326344656818
0.008322077630618156
0.007646274287253618
0.008745423804682035
0.008131541141595405
0.007405697926878929
0.008459338295390669
0.008112374832853675
0.008371154586506994
0.00808588694164295
0.007745808957574459
0.008619323779909026
0.00815921216937048
0.007762205088511109
0.00800941038876772
0.008266488521746019
0.00839703343191881
0.00787199571452759
0.008752224410677122
0.008198212039663104
0.008054336499028055
0.007649999296215053
0.008388262714252814
0.008015681042749164
0.007942438987946068
0.008013827784838069
0.008230050714279446
0.008028724415484688
0.008451445569873465
0.0075668606441468
0.008512112661264837
0.007925416762009262
0.009808019734919071
0.008324787412430085
0.008113892952485985
0.008711956030524829
0.008271084721893706
0.007676555509013789
0.008288081258881924
0.008117768515755111
0.00830195529409979
0.008693443214393814
0.008601489609084379
0.008288046810775995
0.008542813545722045
0.008235647859102165
0.008377631259650386
0.008159999618467115
0.008050150024878272
0.008037115930131188
0.008463042467487174
0.008437520031823425
0.008126214078769383
0.008246236773738206
0.007964788684369745
0.008480384814388611
0.008092028836376573
0.008724031570766653
0.008286100988035762
0.00822903408940571
0.008642910979688168
0.008561840993934311
0.008253916688827854
0.008307858573778576
0.00841153406072408
0.008151827690502008
0.008306765913445232
0.008318939381429264
0.008801700547337532
0.008277406805003716
0.00804398728068918
0.008257561495885352
0.008143924065674378
0.00791976594125792
0.008103195651872269
0.008125562489462586
0.008327370759297088
0.008083997951166717
0.00818323832936585
0.008222913965149674
0.008392416426668997
0.007819747951413904
0.00868409062968567
0.008257564571168687
0.008361027836799621
0.008492661244235932
0.008618164537964683
0.008610347609805025
0.00849002440060888
0.008398901929248529
0.008529798884410411
0.008409311541584351
0.008375430246815085
0.008460406432277523
0.008240993862273172
0.008535272182364549
0.008471829440587988
0.008219137128132084
0.00884106935829752
0.009165771366832288
0.009068573638796807
0.008972424930996365
0.008974618990813067
0.00935707182703626
0.009403032393982777
0.008970317345482247
0.008786171316527404
0.009174895783265432
0.00907745992838843
0.009045515972328312
0.0089336725589084
0.009585692547261715
0.009180093198665418
0.0091042590346064
0.009883501949343855
0.00967192667675145
0.00972977994630734
0.010396942496299744
0.009188775904476643
0.009963396307383035
0.00991321859570841
0.009544466765454182
0.00975413498468697
0.009378051842775261
0.009391730711734915
0.009109623172412535
0.009527127094128552
0.008952061335245768
0.009166831372688148
0.009191107004880905
0.008937224822846666
0.008956495689711085
0.00937807634472847
0.008888660606158815
0.009916194944332043
0.009411777088340992
0.009803802222136827
0.009341811153741664
0.009000411652254335
0.00945613838559547
0.00923956670497257
0.009315051888633106
0.009149047756744992
0.008729743030430242
0.009065945512485622
0.009629139049059671
0.009396921144798398
0.009265038949616302
0.009113358574247124
0.00984069545266052
0.009826380312442779
0.010417690866493754
0.009175992687232792
0.009345496842718643
0.009826351998045164
0.009468512409150798
0.010336663268679222
0.01035770815021048
0.010176617121755683
0.009937720476753183
0.010183120809065608
0.009911653362214565
0.009612549892096202
0.00948510691523552
0.01116037112660706
0.009909412308939193
0.008429037872701883
0.009749440114117332
0.009964585288841006
0.009955853782594204
0.00985595501366664
0.010268133847003287
0.009702166128489707
0.009898498700623284
0.010101339127868415
0.009826464834468846
0.009640657753847977
0.009572993075808153
0.009969784286095212
0.010331779979822929
0.010046711158273476
0.009971403288624144
0.009730372782031151
0.01018968760035932
