0.8287706825117401
0.7790652952696148
0.8033611320636489
0.7959280014038086
0.5500164037903413
0.84135308506473
1.0383062169358537
0.7206159114837647
1.4788078367710114
1.3498561382293701
1.1590652253529796
1.0984903084521263
1.4355117414171332
0.7938677854095864
0.5468782431242482
1.6397255224282625
0.5774171486595608
0.520292405655842
0.40400678008202684
0.2326413971304104
1.0130645980437596
0.7512383340061575
0.713654883702596
1.3527905210852622
0.636265982281078
0.6461886451733823
0.540497180000441
1.1521664674465473
0.35776809193440623
1.0372777117623224
0.5049770399928093
1.0752123319185698
1.0375961595111423
0.7915904662188362
0.6804480167616785
0.4485798805754706
1.0083394240825734
1.1596712545053849
0.9869571550219667
0.5876008367538452
0.4329900151451692
0.9419692055038784
0.24975424634897156
0.840438572973605
0.7565451264381409
0.9186326692353434
0.4338730819868726
0.5390672147866117
1.0707594093523527
0.9272023051284081
0.9305510417620341
0.779802749328541
0.9307344496644885
1.3637073993682862
1.0761270631443371
0.847239401451377
1.760841354727745
0.8422972275721317
0.536496533287896
0.343026618544872
0.6704817184670405
1.8429460048675537
1.0978100970387459
0.8926519930362702
1.674472752791732
1.6858613987763722
0.6518784994321154
0.9522221228581363
0.8643321878769819
1.0479282330382953
0.8782513925903722
0.8957566293264856
0.7642954265448585
1.0736332586833408
1.1655575533707936
0.5564113064952518
0.45293311695784133
1.1150698448930467
0.9973556637763977
0.5665283771540155
1.0839127898216248
0.4385318706761922
1.2710453429758943
0.5871401168159301
0.9017201016930972
0.8335101085535267
1.033978305610956
0.9999362483169093
0.6772027605811491
1.022709255417188
1.0547216484944026
0.7675534968344581
2.1073465049266815
0.0
0.856031631249071
0.6240326355728838
0.7500391602516174
1.0833400013935135
0.554568639703539
0.9823458625915202
1.1405637408747817
0.5686384886996636
1.2813007831573486
0.8227552067149769
0.9497506458584856
1.1068509817123413
1.1357002371833438
1.2840763852000237
0.8908835216002031
1.2516231487194698
1.3271397535617535
0.8034811735153198
0.9063045606017113
0.9563560465047526
0.3861026437274668
0.6933033630251885
0.5955644693250293
1.2883453577756883
0.9545124618486426
1.6782471636931102
1.0865334822581365
0.5891143310543717
0.8847181937651128
1.3146326947458011
0.9979019201718844
0.5440437197685242
0.9674253194562851
0.9220957101526245
0.36881104629758177
0.7493829307275892
0.7396169393620593
1.471879997423717
0.7340770598707927
1.4493531855669888
1.1833645403385162
1.0034487030722878
1.325825755412762
0.5993832411454213
0.9608586054099234
0.8714694331089655
1.2173771276706602
0.9611476280472495
1.262593843998053
0.7747784951664755
0.7722305132458541
0.43771083574026626
0.5264951804319754
1.0717599519661494
0.9873707237697783
1.2620646357536316
0.9556440918256115
0.7731739617884159
0.5885945102199912
0.8816267565780918
0.8708456467498432
0.4826515552692658
1.0484881671992214
0.9685841364375616
1.4188390811284384
0.7319450883053932
0.6423004410223455
1.003138542175293
0.7123156330048643
0.4524400568758415
1.0075509703677634
0.8878261965254078
0.8997089266777039
0.3169811973286583
0.6355190113479016
0.9711043499410152
0.6420812913716234
0.5295053185117955
1.3327461991991316
1.0402486971446445
1.107063541164646
0.8576968612260376
1.201733484864235
0.5880283763669184
0.6882927677570245
1.1360794583032297
1.0429384301829812
1.0770244072465336
1.6826753086513944
0.8319625471601423
0.9607398748397827
0.8436529919939134
0.28430735329721146
0.8088700259659464
1.154672384262085
1.129451904978071
1.1129200458526611
0.9508976269709436
0.6464505685086281
1.0911136760431177
1.3310454968483216
1.093806783358256
0.4959303711029078
0.23473672854979308
1.3531380961923039
1.2489094571633772
0.7661761954426766
1.8398514672329551
1.0525564908981324
0.7681355585917732
1.1108951171239216
0.9299071420406558
0.6935542390145213
0.6198500490050443
0.6840983578499328
0.8750169000763824
1.2894648004461218
1.8563399189396907
0.8885841560813615
0.631956049642026
1.1943849048444204
0.7221087396144867
0.9769660791024467
0.6481999609815446
1.1697075128555299
0.7599559823671976
0.4862517138005586
0.44739434195727834
1.118334174156189
0.9383574014977564
0.7191578562897031
1.1762601398840182
1.0825087710430747
1.0590557207663853
1.0199516002948468
0.0
0.44001363180577757
0.31016428756299397
0.6408813905636996
0.864784799516201
1.1273211738731288
1.5577349662780762
1.1430202760594956
0.7302624757401646
1.080374621792345
0.9892820405960083
0.6799579340219498
0.8531010113065205
1.32470041513443
0.4655722507232467
1.1446604190803156
1.3944519901717152
1.663880543275313
0.744415586061825
0.7138861417770386
0.4626359815481088
1.4959658682346344
0.8894191533327103
0.2661959318727847
0.8436084541411984
0.8777144444294465
0.7386002540588379
1.0818504161304898
0.5325928538149556
1.6035858035087585
0.7870147177912542
1.4431958496570587
0.9442030387138253
0.7238285733120782
1.0991700838009517
1.2296085422103469
1.3422452330589294
1.0297206504303111
0.4577746795897452
1.2980553209781647
1.3118007704615593
1.029102581134741
0.4141141281444703
0.7802320395010648
1.3704652005228504
1.0192404365539551
0.29370797371849516
0.5141049349150121
0.7687413745412701
1.4421409921986716
0.5532000362873077
0.5833435200361742
1.197785611663546
0.7663416443644343
0.9836356686610802
1.24244030677911
0.0
0.5742115939023676
1.1030365061469194
1.1365203092757024
1.017017043553866
0.8579484224319458
1.378268328996805
0.4711496855644201
0.9048454177475744
1.1309718166788418
1.1168348044157028
1.6774558670380537
1.0950621682354527
1.0138419552429303
1.3888938307762146
0.45667031427313176
1.1070978567004204
0.7510903458182628
1.046748439470927
-0.029310563098121162
1.08607791334588
0.5033594518899918
0.9273997902870178
0.9729653226477759
0.39343676396602434
0.8971106639275184
1.1299313369550203
0.5969616650033367
0.8845634610981358
0.9588554148611269
1.1203309796577277
0.8263558199629187
2.922778606414795
0.8417066313602306
1.2856351137161255
1.468032333585951
0.7949708141386509
0.7626024252453516
0.9254721279801994
0.7803623694518622
0.4656156152486801
1.168416278035033
0.32645271221796673
0.0
0.8438947999615543
0.7792517015044271
0.5060508186236407
1.2382375666728387
1.0338543251336338
0.635548862543973
1.281341529554791
1.2585623546313214
0.5427442193031311
0.8369684911199978
0.2453384797600721
1.377856087226134
1.1948500166133957
0.4629191622286048
0.6047129458082574
0.9874140184659225
0.760313806648286
0.9129431175022591
1.0465951495700412
0.8973543034180215
0.9036213551248823
1.3329844900539942
0.3150560165329879
0.9003647291101515
0.4735305830836296
0.47228111129328115
0.542396896907332
1.4692119149600757
1.085287598463205
0.9814986131101284
0.5382468634260362
0.3205889626005233
0.5126313524974497
0.975912440319856
0.5830143866135388
1.0913131889842806
0.881379102190204
0.8536452114582062
0.7228141030982921
0.9876569502598402
0.5722746888533333
0.8074266768637157
1.186720239705053
0.9216783955380633
1.0797535848617554
0.41000895002326426
1.1502986152966816
1.2119935899972916
0.5429949914876199
1.9366294145584106
1.1018375674883525
0.43197704424205796
0.9264058828353882
1.2765806642445652
0.49675165139194716
1.3380124469598134
1.0676350558505339
1.0764591145199656
1.3184798741803585
1.4115674104263534
1.323874460889938
1.2029417242322649
1.1438698373882976
0.5324661772826622
0.6423271221929039
0.5461394190788269
0.9918162202835084
0.5707421805276427
0.9893447500136163
1.2034232219060261
1.0413363575935364
1.0832316251028151
0.8040830742764296
1.17447410554302
1.197057735378092
1.1931528638709674
0.6988780525642515
1.1951675042510033
0.782026231998489
0.7094139407083565
0.8145879514959474
0.4518312096043755
0.8199342593846731
0.8078515651259596
1.5216943776165996
1.5492887794971466
0.6824035406112671
1.1898891320304266
1.1557732961087857
0.4952589659550727
0.8530547306355503
1.3149448335170746
0.9178560851820258
0.20461889245356155
0.9326001554727554
1.3001811933517455
1.0253338660076847
0.7196295983813427
1.0761478726680462
0.9461575176404871
0.7764666080474854
0.5101361584584445
1.576962696654456
1.9941567182540894
1.7085084252887301
1.2233465084662805
0.4954478141665459
2.568040132522583
1.1775734711842365
0.7245486703183915
0.8117623011271159
0.7597582173959309
0.46454766392707825
0.32932899852856895
1.6071993708610535
0.5317815770672647
1.0307218711222372
0.5366753502224653
0.8433335109249406
0.5785101141248431
0.48903844076276615
0.7898651697975121
0.9646112124125162
1.4789641601283376
1.5049727524028105
1.0424788196881611
1.2626670707355847
1.2188823841795136
1.1491864691762363
1.4521594146887462
0.8793444275856018
1.4244093227386474
0.5314728171126732
1.3440677690505982
0.6476013198963656
0.5091981968737596
1.3870418642352267
1.65740190300287
2.236421175301075
0.5447236719905146
1.2454174041748047
0.9714433014392853
1.2485832199454308
0.4600292419114809
1.5293467305600643
1.0668680849282637
1.6013118584277266
1.1315863132476807
1.2194461584091187
1.043994015613139
0.4882472315864847
2.057134485244751
1.2237332310787468
0.7692916813569192
0.49407609314412665
2.134840250015259
1.149824493461185
0.9626279021131581
0.7367796646246058
0.48658788368253914
0.808460945713109
1.4192481528628955
1.5641955137252808
1.6256943345069885
0.8741251207542735
1.1209210634231568
0.9880591137240632
0.6382164827961203
0.4836602196689473
0.8481022119522095
0.950776762583039
1.009588521034991
0.9705241173505783
0.696458854731049
0.9785721401373545
1.2526966698708073
0.8523387610912323
1.0047783414522806
1.0058967620134354
1.2022062095545105
1.132795425978574
1.1857283557614973
1.0480776791987212
0.0
1.059560467515673
1.2708596289157867
0.5403966369563775
0.6427957796497851
1.1195349097251892
0.5904999928815025
1.0153059004301048
1.2334274291992187
1.3107334408495162
1.6090949322726276
0.5675749144083339
1.4521219913776104
0.6880556831987489
0.7748962056311156
0.9345411739328451
1.0870658919431162
1.8730761259794235
0.47936326329479156
0.6908380277454853
0.4085583261103178
0.6886066060799819
0.4859849378367923
0.47565871675280813
1.6350310336459766
1.0155692513172443
0.5037189710712591
1.489498083932059
0.9345576047365155
1.3660991787910461
0.7618980159649983
0.628129448948635
0.8170745508338244
0.7909089809419304
0.40064753235212913
0.7019849052739064
1.3925989415194537
1.0178636747677594
1.2747256262227893
0.5803403816377091
1.466618684348681
1.4136139615889518
1.2182845026254654
1.1945991082624956
0.9832277186214924
0.5592230407903526
1.7574995011091232
1.0707340406759684
0.6985939534886784
0.9123929430613454
1.1669379969437916
0.3975830293377701
0.9734081873234283
0.22810105453029472
1.028379436062519
1.0782881585034456
0.8433847242337189
1.2284897271765778
1.9318346110257236
0.543263602256775
1.3612076491117477
0.9636607999386995
0.8288801163434982
0.8408359169960022
0.6389112949371338
0.7482605000698803
0.9285991096938098
0.18359084765346634
0.7260807552282383
0.37083929012350686
0.485402895890127
1.1924903631210326
0.8105016979828196
0.7972517273364923
0.6615504211722276
1.3683091564611956
0.39549424818583895
0.9671959135267469
0.39814458754752446
0.6546313081468854
0.34978057552030345
1.531197420188359
0.7645632176604492
0.507088847046848
0.49509476788884754
1.2885049702675362
0.7443622880511813
1.1629795605136501
0.4277282283696907
0.6627183564451357
1.116376692757887
1.2917146810463496
0.7217860392161778
1.048858686288198
1.2718524553559043
2.662480330467224
1.2903645899560716
0.9292768755594626
1.4102333457239213
1.3216048365547544
1.4342143116770565
1.413589596748352
0.31986882039253284
1.2877622097730637
1.2374827414751053
1.386330629504004
0.5626759400825627
1.1909767216251743
1.1957791506075393
1.2771483594424105
0.6640699225206496
1.1396596640626961
1.902776579062144
1.2365604639053345
0.593843573784542
1.2137126119240471
0.4830784134579119
0.8928789877049301
1.480768769979477
0.5660054609179497
1.0291253460778131
0.3818402375211779
1.3959075450897216
0.4559468383298201
0.8956102476214731
0.7707439397541892
1.7355744176440768
0.5792211508686771
0.4133715150964181
1.3516683757305146
1.3216913747787475
0.6509864528264319
1.1668582404101338
1.5425940922328405
1.6508731245994568
1.1740578753607613
0.5956627509985415
0.8770800148019727
0.5690919388955249
0.6085309863090516
0.6046418913621578
1.7890298267205555
0.5397623943423988
0.7545319057458284
1.300949439406395
0.59332275390625
1.1330094575881957
0.6265088634151551
1.1358176038183014
0.8368407716999287
0.6348582154929342
1.6147159393443618
0.6131729741167549
1.3100024582180259
1.0317920482519902
1.057987555861473
0.752923096968046
0.7662007785186369
1.3001413035392761
1.1844587972608662
1.0207236834934779
0.9765736774964766
1.0259469993757886
0.39347902037130267
1.5443801961161874
0.9645024151942193
1.644125446677208
1.5932258175265404
1.3714927009173803
1.2037892337666443
0.9414803309318347
2.2175426880518594
1.4667473340034485
1.4756909012794495
1.330188221197862
1.4456376685036554
0.8537268721011301
1.124750172156234
1.226850579116518
1.6755536345335154
0.5379752292735687
1.219706857458074
0.6451138771813492
0.8269656636067574
0.5509287123352486
1.2233573847856276
0.64301817938192
1.3106514886021614
0.9594889799753825
1.6473717838525772
1.336310093090913
0.7765917379409075
0.5350035659919511
0.6222680869037347
1.2432016151291982
1.2527738014856975
1.7236291879699344
1.255827992050736
1.7132650348875258
1.6858873605728149
0.0
0.9969607907415226
2.290464162826538
1.4231298409975492
1.5384032103148373
0.7528149791188159
1.5162428787776403
1.2215804192754958
0.825397445635241
1.3920245445691621
1.2830219052054666
0.37755463353746777
0.8400041346024993
1.5983284711837769
0.4377734956658439
1.337160885334015
1.137038687001104
1.0263402424506005
0.8216833367067224
1.4650393956667418
1.0268667470663786
0.4977940415710579
1.216534050143495
0.4626514554480152
0.9079856328342272
0.6981572768348732
3.384762763977051
0.44669310608570345
0.8355856026396339
0.7867309679554788
1.0544076588572255
1.903126096725464
1.421641873590874
1.284676023090587
0.46432379874962054
1.7981909116109211
1.2337112639631544
1.1687377557596739
0.9728184868307674
1.333642934498034
0.9313788125846559
1.893677830696106
0.7415025144416306
0.4444174865223714
1.814700553991965
1.1859750559738091
1.1942250728607178
0.7684213608255858
1.2131139921290535
1.092750851854386
0.9095546307153259
0.5222568281414296
0.425088993832469
0.8547987658530474
0.7204671171385535
1.0498857798806407
1.3019640847694043
0.7686319320111086
1.1644155673361969
1.7641512751579285
0.9486164994389805
1.3897126668538802
0.4032620061805706
0.6596003841756788
0.387156307475259
1.1239047790925527
0.7661844315439068
1.0899775505065918
1.4608252081606123
0.5153101794766607
1.4350735647925015
1.4610480070114136
1.0153474536809055
1.3786087848923423
0.5001185964176197
1.2725972989026237
0.8070722645802411
1.2624428981059306
1.6580089330673218
0.5070775976676619
0.900320279681794
2.0057863891124725
0.8895911954787393
1.129227171893473
1.5391744976951962
1.3541794480472211
0.8736873706181844
1.314166816614442
1.010767645591142
0.5306568552943453
1.0085652352689387
1.1861381379863885
0.9035245458169884
1.5184785624345143
1.5899342383657182
1.2894571909911177
1.590103308359782
1.3950657511198963
1.1898957393739535
1.4929902132819681
0.82892424198768
1.644510064806257
1.31276486068964
0.9916113401880328
1.6040271023251362
0.3625404185658654
0.2756599454048848
1.4642194527037002
0.8971818248927593
1.5476854410436418
0.9591615118763663
0.9009874367133476
1.409584191978955
0.6401999901166026
1.3696746958626642
1.1923872470855712
0.7467958002616435
0.44148165284847185
0.8302729214412092
1.2583669931366201
0.954628306276658
1.1570812038012914
0.9665333684410481
1.221127329334136
1.0791218312370856
0.3995674784659155
0.9728054915155683
0.5855859799051522
1.6488535106182098
1.478614870382815
1.5133822239362276
0.7642781152359105
0.4276464454311606
0.6674060821533203
1.0326830609278246
0.683910730177697
1.8806567192077637
1.1228468145755743
0.8461463832927327
1.4196789979934692
1.9669954109191894
0.9847712335379227
1.723806293387162
1.8506967027982075
1.4759942330420017
0.5307883169840683
1.4884731428963798
1.1560115678743883
0.0
1.2141788303852081
1.5947759530761025
0.6647567705720918
1.4679713547229767
0.9746584523968793
2.102579855918884
1.0326234238488334
0.9492420459933141
0.8230072982454052
0.5884332106705161
1.3212894313037395
1.1011128723621368
1.2238117944110523
1.3479956527088963
0.5696528910209011
1.3053972446001494
1.1441650348050254
1.1381238695012024
1.3268547530444164
1.451466928197913
1.1560157770891824
1.1055462734218229
1.3437345817007802
1.6999508467587559
0.5300797486048661
1.0933213233947754
1.5248346866016658
0.9024199789915329
0.6381302308784613
1.26720987757047
0.665146452459422
1.3188253045082092
1.4540597931031258
1.399136354525884
1.8484575510025025
0.7001640101191619
1.193166567395065
0.5736428707443326
1.478545808586581
1.0367587252574808
1.2110810491773818
0.9505015027766325
1.6699885129928589
1.795260349448943
1.5069453846663237
0.6011041495578968
1.3095383966962497
1.1948447704315186
1.2850571545687588
0.6817625073620873
0.5788716593424216
1.6937335899897985
1.0334451794624329
0.9077829840992179
0.6479639381861055
1.366520086924235
1.4743975741522652
1.1362862255838182
0.43423221958492764
2.1277955770492554
0.8351092440452402
1.25484033425649
0.6794432006184233
0.8350308270352643
1.152784147281323
1.4232228472828865
1.4722718259562617
1.1923686927986263
1.727653980255127
1.542035312756248
0.5037516993994744
0.6158725371127887
0.6179520703376608
0.4960553927951499
1.1361437294934247
0.2932525135280675
0.8952499775104965
1.3674848939097204
1.8127993299410894
1.3955133845729213
3.2372615337371826
1.3837664127349854
1.4883575948273264
0.6847150450339541
1.3177822060055202
0.5061490858923521
0.8331328617376194
1.4801331157606792
1.192904183239329
0.9183842858287278
1.1447777822613716
1.3489795804023743
1.382123028530794
0.33197190165519713
1.0284597999171208
1.5863469243049622
0.5759900744807049
1.3154929854520938
1.2911598265171051
0.9638382002390575
0.6692715618784064
1.4272188025972117
1.0945083526782242
1.239281959258593
1.5095632893067819
0.23548411654419457
0.7604568659638365
1.7267679486955916
0.6671325221460387
0.5169547684829904
0.5208956481586673
1.3407083286179438
1.284662902355194
1.521441759601716
0.47570068244613817
0.7268483946901678
1.1197133947301794
1.1381677795540204
1.399691429054528
0.3428769380544985
0.7936066830444415
0.49764819739275423
0.7589059024555793
1.3681840002536774
0.5180723082385217
2.9305768807729087
1.0042773446697273
1.384248971939087
0.941783476301602
1.601560074580859
1.2809514254331589
0.7015502284718862
1.5975789478846958
0.5502030764940035
0.6530039818982118
1.1732426026947056
1.5286926177831797
0.5769355799848621
1.5151248025894164
1.3989414086287049
0.5330461517984706
1.3045128213392723
1.558498501777649
0.6272887764498591
0.8841606770697611
0.6522823814302683
1.9498385047912599
0.5993179678176808
0.6687300576279495
1.3169796218145762
1.1395952502886455
1.5933371880283094
1.0474834632103807
1.412317536696039
1.4079124397701688
1.0191557288169861
1.009265076655608
0.6352565176784992
0.597355743339717
1.0577248088810423
0.9139439293316433
1.5489469567934673
0.5644284424353514
1.7020651996135712
1.1526865820692043
1.037066321506312
0.654221017959348
1.9053154938361223
1.4261603913408645
1.5096437533696492
1.5824154615402222
0.6474125782730958
0.7146824950364646
1.4541761087660758
1.483650916814804
1.0433256054917972
1.3948713302612306
1.3135940177100045
0.7959511108597778
0.606946312976594
1.1538921353832776
0.37703870039507253
0.30653496861221297
0.7066463021105094
1.6082639666490777
0.573822197658534
0.8336545084387261
0.6352604579747907
0.6583809648572609
1.4065507718107917
0.8867350333672486
0.505916888160365
1.383957501500845
0.7488982725814478
0.6707799116655296
1.3388402462005615
1.463019698858261
1.5347498655319214
1.0517458200454712
0.9282165888622896
0.3725143608865359
1.721391161903739
1.5340693213722922
1.5576496144820904
1.5194565379941785
0.8479774296283722
0.826277185369421
0.9484092549931619
1.1188421621918678
0.4365551673023906
0.27949225231511704
1.167150277079958
0.9975879513969024
1.6653259647519965
0.7402487875560656
1.9000377853711445
1.328986602409786
1.6621263954374526
1.4306787050733663
2.1981548070907593
1.7510849138100941
1.6019709706306458
1.2684100536589926
1.101578378766183
1.4470486740271251
1.8081367678112454
1.2774172491497464
1.9477314869562785
1.3258137979677744
1.4039973586292591
2.7013418674468994
1.1746412004743303
0.5515372879457789
1.2931663803756237
1.5263793896621383
1.2473253949386318
1.3855428586645824
0.7474127483387657
1.6080000499884288
1.104522734120184
0.6997273974120617
0.9918580254576853
0.6139828678935964
1.355349648566473
1.5655694007873535
2.2304461002349854
1.4323698695628875
1.0009199873759196
1.5006053014235063
1.1513035249663517
1.1595531838224424
0.7253160464102464
0.6063432140708572
0.650768519656745
2.3703176975250244
1.5351080123115988
0.6282843578335465
0.6044886635850795
1.4414655566215515
1.5626822051902611
0.7597497677505016
1.6640042066574097
0.9023591374966088
1.0407448783516884
0.681940032637968
1.2080874974184697
0.5167672391857533
0.4772627016418422
1.7430929312339196
0.9641926747102004
1.6176041835232784
0.7525872736182434
1.4075340863489947
0.5194333207528323
0.5568018287839677
1.2453535833666403
1.337098390153311
1.4252675827592611
1.0774605124201995
1.323917621417957
1.6179611402399399
1.5586545148365933
1.1361965891343868
0.9154817130830553
1.4417603074050531
1.5398488485852615
1.16975680552423
0.7334429820378622
0.9595954716205597
0.728004504019851
1.6439633062205363
0.5827836286897461
1.197103534426008
0.9284976790933048
0.6295563472274518
1.151278099706096
0.8213696780287667
1.5725593615222622
0.8595905217113874
0.6232792528851933
1.0801603121531975
0.6206211983072047
0.6781770529607866
1.6828635982845142
1.4309325176171768
0.7365630647788445
1.3136711899115114
0.7209371939202808
1.6993215424673898
1.9164456539466732
1.2431728055282516
1.3292709081559568
1.6223768822766922
0.5218390106587418
1.449849009513855
1.3951570798050275
1.3676834748341486
1.234322730700175
1.0715658366680145
1.323835612911927
1.3089724779129028
1.7900724212328594
0.7121850968675411
1.0599505910649896
1.557641588151455
1.1857139241084995
1.9132862285691865
1.666685402393341
1.5836401581764221
0.9519634010462925
0.8636671208980068
1.0931686921328898
0.48641537441246546
1.3016970409796789
1.365622501624258
1.7006098985671998
1.279080717076718
1.306720356771488
1.2929564734299979
0.49952590006668834
1.9462434188886122
0.3950233390887842
0.9541663843274906
1.154860141483561
0.10259981453418732
1.8763602375984192
1.5596473813056946
0.5759825739386608
1.4616758304321213
0.6020775681842636
1.1839283702392427
1.3859407854707617
0.34818620274201134
1.1011665003583921
1.3153700293326864
1.5472303675366688
1.684370469770684
1.7468252044457655
0.7665018421230894
1.3498019030644695
1.5839174919658237
1.4196052551269531
0.9738664445001632
2.1480203683559713
1.4190436640406043
1.2648607409391246
0.7728640715659454
1.4225763044832798
0.30772914201021195
0.5441321096820941
1.5092187694140844
0.6778967183157308
1.7720787525177002
1.3829482793807983
0.8387265885818977
1.8426378443837166
1.476121433575948
0.4643827066386723
0.38612519051657607
1.7673386233918211
1.6452353369105945
1.3460661216001761
0.34963054190210946
0.5168168664626454
1.3337873220443726
0.8708272723302449
0.5397227753126463
1.3172328490147134
1.5695850307291204
1.6457952590698892
0.4613341712793767
0.4783857607634257
1.3663323720296223
0.6459385468223632
1.8373244037994971
0.6876640642271531
0.43645155702144006
1.3437413027945986
2.431208372116089
1.3683922724290327
0.4843775669733683
0.7821937332435555
1.7676210522651672
1.7240572103432246
1.3460091173648834
0.9531243443489075
1.8115992918610573
0.881296858743385
1.1771955528566915
0.7639691005430079
0.0
1.0642565258636774
1.2491212779400396
1.9814061206697628
0.8962583766621075
1.0692381839312257
0.6617485463362316
1.3528673940936462
0.9665406259894371
0.0
1.5288178034317799
1.4542318007280661
0.678501571744483
2.5682389736175537
1.0713036044543942
2.0278673297480534
1.2639678166462824
1.3155066416813777
1.2383019822835921
0.2876318153857395
1.5994366949254817
1.4299126742249828
1.4586564540863036
0.5014016062143396
0.40401208706732306
0.9824327440895387
0.7250172171174296
0.9659552054260584
1.3729679032608315
1.0854916846364495
1.4151195241854742
1.5697064346737333
0.9050492857183728
0.8291987528074656
1.6958117008209228
1.2570177323080056
0.6384885512687117
0.9178809798455664
0.6820771721088223
1.5238644732878759
1.4181243340174357
1.326817658365957
1.4494576295216879
1.4919674163279326
1.3572883449102704
0.816201223689594
0.8274745391990175
1.2447811194828577
0.6693376501565738
1.3172680503792233
0.6922168054476084
0.6563833785422196
1.276989481951061
1.4253345186060125
0.5933406065582045
0.6055207252502441
0.5005560032406587
0.42349463040070817
0.6426804264386495
0.9615010876622465
1.026155743575254
1.279154376188914
0.7464937850674416
1.477912594189589
1.6378358602523804
1.2137642569889295
0.8337118221180779
1.4591084680711197
1.6919652858506078
1.236278361548355
1.5844202928054028
0.430721258917293
0.5309671518571725
1.804133754510146
1.2535540464926849
1.3729224006334941
1.0407366696375095
1.2086953609836417
1.7060632371902467
1.621284765501817
0.32130030492941536
0.9507881836457686
0.5577666504271576
1.5815899985177175
0.6117765099945053
1.4096260865529378
0.7219640402407046
1.472044951385922
1.5786879348754883
2.9502053260803223
1.3385478338198875
1.3823930852942996
2.2280892431735992
1.3153015358580484
1.0883644038077556
0.44352887468474195
0.37792730816818826
1.4619480154731057
0.8866885347871591
1.803212296962738
0.7666464845339457
1.1606423199844005
0.9080577372488651
0.6283982992172241
0.7540595043322136
0.48946020379662514
1.1062416871454541
0.8910660413124704
1.533406628144754
1.2969276035418276
0.4672085280400633
0.6937984313618466
1.6841089725494385
1.1451985985847322
1.5982120831807454
1.2517842701252768
1.4277293920516967
1.543244441350301
1.328147530555725
1.6952137957359183
1.1812706589698792
0.9040699601173401
1.4088902791341147
1.513045477144646
0.6143971745940772
1.2642528017361958
0.8803512200910524
1.5099320143461228
1.3081267691320844
1.0154849251820928
1.59951580286026
1.4018942731799502
1.2673858255147934
1.0451181828975677
1.7760926641915973
1.6394486014659588
0.9085049039247085
1.1167534322726844
1.418956944287218
0.4509210495389258
1.6966671104784365
1.585401696317336
1.7647414543259312
0.8033690790072182
0.9585081373174854
1.17283822451749
1.279458039999008
1.3476645900057507
1.7696190980764537
0.6074215113154507
2.539774036407471
1.5523357323237827
1.3358832566361678
1.234372873266204
1.054827869044883
0.47495015918348843
1.2012554039670662
1.8895493571351214
1.297701123687956
0.7309959793888163
1.1441193409264088
1.4899621866643429
1.4899526891254244
1.1969837596019108
1.424954116344452
1.3692698386999278
1.591316060353351
1.0767887673149539
1.533762118508739
1.757817417383194
1.6450977968791174
1.695030460357666
1.199113298873633
1.6015933837209428
1.2308079491962085
0.5875244170165388
1.3178261030804028
0.6834026454941721
1.3476535292232739
0.88799247833968
2.2752103209495544
0.7738352798616255
0.6000870846655985
0.5361658476219074
1.5839989060786233
1.5462005169768083
0.557654566962847
1.2894316158796613
0.8418178693499676
1.3346754771012526
0.2491627326420206
1.6339080295255106
0.9548802302274483
0.37676207029217523
0.9327959615300905
1.8186253905296326
1.0999194778847379
0.4083125792692105
1.2014714963123447
0.5487897422238691
1.603834606068475
1.343390986567638
0.7668018797474192
0.5873349070803008
1.9632822703092525
1.6778571605682373
1.3442299365997314
1.5191579021391322
1.1776037170792257
1.4588374818929217
1.5491349548101425
1.3852355413966708
1.4943157851696014
0.7413233021977327
1.0644144654175303
0.8111628062554261
1.5744801610708237
1.7273335010478539
1.63686865568161
1.676317572593689
0.6668471824254422
1.5640753121937023
2.28214031457901
1.4141184331440344
1.681502708366939
1.7354938493055456
1.4183330474755702
0.5574555355641577
1.5549642906989902
0.8153670485445995
1.2871458658150263
0.9127993129243125
1.315869457838012
2.270959218343099
0.6589415581859895
1.1612103835624807
0.4933623966054628
1.4792662374675274
0.0
1.1086376021239932
1.4043330001831054
0.5000099088464465
1.6694334818993086
2.0469007939100266
1.2143934550664284
0.6111169542549857
0.40746636094143057
1.974624189046713
1.7038600558326358
0.9355977673009531
1.0731312096217611
1.6693856653414274
1.3870064318180084
1.9519854741437095
0.9031542645187567
1.4185396805405617
0.7146544801132964
1.326124232731118
1.2499674323105043
1.511598821842309
0.22461345483431752
1.025995851666839
0.5452586579044442
1.0157838830007957
1.0807896225855051
0.6387854115298343
1.6365964545143976
1.546006249827008
0.35017711807363083
1.5476758994839408
0.7053078070578985
1.9035439661570959
0.8782786053500526
0.3359469547374359
2.013648320646847
2.218939113616943
1.732796525253969
1.8038421422243118
1.43012073295598
0.43601254519346533
1.8074155364717757
1.9879826133449872
0.6985769097057991
1.4449721889363394
0.26779366555987605
0.7468289831862939
1.5413525819778442
1.1066536720817453
1.8508161475409324
1.7420577027580955
0.595067705083007
0.748605518517169
0.24863172801125127
0.5317814744614213
1.6236472853592463
1.1715553490554584
1.608248585904086
0.9921235194466761
1.0001256129895615
0.7823487330106613
0.6152969115099173
0.2882316562513642
1.4140200167894363
1.5803611952325571
1.4903708166546292
0.2853907112846311
1.3111327504677488
1.742268164952596
1.879775796085596
1.2776666512856116
1.2793634988012768
3.07179594039917
1.5445751945177715
1.5970051685969036
0.9354564470463785
0.7395713515086284
0.9328323360054921
0.7046477959180871
1.3737481874938042
1.611405981001475
0.7167636169721996
1.2888139615587841
0.8580351713530976
1.5283534367879232
0.7477198653539877
1.5715537406504154
1.0907578706741332
0.9949359850871642
0.27326942042799185
1.9340875610117092
1.5623779462986305
1.0429421019341265
0.9494503171971211
1.9153574109077454
1.998008765132222
1.302730909983317
3.6786938905715942
1.5796165959193156
1.3767421462319114
0.35099005052782845
1.9445085525512695
1.2607698213087013
2.1921262979507445
0.08324364052628572
1.9353308865898533
0.5390263835819352
-0.018426770344376564
0.5946371130003835
2.0122076272964478
1.6701010234894291
0.7561268951275096
1.0145966652277354
1.6692914791809497
2.1127301062856403
1.1043562636470163
1.599687568072615
0.6204181841963174
0.874314619141896
1.5253827035427094
0.8183664082494003
0.9989394252466051
0.7572211434599012
0.2687004935366428
1.744768738746643
0.8596835390831165
1.6627419193142228
1.426832007740729
1.1081943682261877
1.786960671345393
1.1022416880143058
1.4203900009838504
1.5155581969481249
1.133511802415974
0.5147356505178853
1.4457950038569314
1.5785448601905336
1.5343806073069572
1.1772693661134073
0.502867321317263
0.5603158670101339
0.19760326024712316
0.9863457331396887
0.5061906471552439
0.20909920666638193
1.0752858318614238
2.1818028410275776
0.08334096831991183
0.5830733498422712
1.5406462294714791
1.7040057599544525
1.682377243041992
1.5657236794630687
0.955474994940967
1.247206039500959
1.7304767966270447
1.5265085843742872
1.7438474325906663
1.6739561586610732
1.6253436633518763
0.8315212208999704
1.8857966661453247
1.0852737709485143
1.994116232103231
1.6569919075284685
0.3416657656745751
1.793962096174558
1.5332907221534036
0.7522302509735752
1.2208037607199111
1.0692644240643014
1.7912122214382344
0.7262962301021183
0.8669166124567685
1.4091898952211652
1.8400147301810128
0.9461429747722007
1.0495611232421969
0.918308206579902
1.2574124087889988
1.5848108566168584
1.764780580997467
0.2105208592403014
0.8478550124082634
2.981555461883545
1.9135275483131409
1.7746123054931904
0.8826012603494505
3.2846100330352783
1.692195090380582
0.6485310076483038
1.8132152286442844
2.087255103834744
0.7765248737164906
2.0966195038386752
0.48483904071000156
1.5710150784916348
2.5155662752010604
1.0991782080258754
1.9179402560722538
1.4374728833927828
2.026448960239823
0.34641640526907785
0.8491299726710414
1.2687772011073928
0.6392995735741411
1.2193293926563669
1.1336725638402219
1.3526184260845184
1.1640994686346788
1.4424938009335444
1.6731576204299927
1.034653215021487
1.1013369798660277
0.5073200269842779
0.7559150410507689
1.893336690389193
1.4623876123238873
1.0173496121451968
1.1436704397201538
1.7698414134979248
1.5731609042097883
0.4721795687612319
1.7299567063649495
1.5150968788398638
0.8812556526074741
0.17840555270776054
1.1378642348572612
1.119888349221303
0.5358232677426954
1.5991449135321159
0.5806847880810302
1.4474093855808903
0.7959512464445213
1.6203201060392418
2.3119226694107056
1.87291379570961
1.612674617767334
2.110041936238607
1.675139327252668
1.1725402021447555
2.219902276992798
1.713934525530389
1.8691872102873666
1.6609120673911517
1.652860422929128
1.3595891191235072
0.7974806609140201
1.2230806643212284
1.605271354317665
0.7726753592639175
1.6412063675957758
0.3553125167524578
0.36288870417124386
1.7245442685434373
0.7178277442300761
0.4415718957609096
0.6660623853372423
0.41381585268636806
0.13153318717878387
1.245973119562542
1.8627635773490456
0.6585534813470746
1.6592747483934676
0.8724030667040127
0.6007588464611521
2.3856667391955853
1.6597685338929296
1.7775506937142573
0.3505670965729368
0.8796181179583072
1.9763747453689575
0.5896446813416008
0.7372939956765021
1.6916814012960955
0.7113263536960084
1.6834876596927644
0.1397001746030438
0.18285272660239643
1.647870425255068
0.6534477006767364
1.4491232014619386
0.3601389110877814
0.5605856176243712
1.8386461750881091
1.7916925202968508
1.686305890912595
1.6851052982466561
1.6762692779302597
0.657404561423593
1.9955038213729859
1.146198046579957
1.1008296012878418
1.7515324924303137
1.7151990618024553
1.399861267891275
1.7636414840817451
0.637482924140151
1.7890498995780946
1.808346964418888
1.9298489317297935
1.471195651803698
0.7480909927533224
1.1242643594741821
1.172096552244491
0.7953208135931116
0.8080736756324768
1.4431773301627902
1.1097079378287524
0.6682556088742436
1.7923210492500892
0.9119235430737488
1.5759284893671672
1.3390568892161052
1.4197077751159668
1.5205039654640442
1.3094803832079236
2.3429880142211914
1.3849652227945626
1.052234162113919
1.0759086858678535
1.2842153351991734
1.5487852493921916
1.5167030411608078
1.6657379865646362
0.6520895215909224
1.1378219480522804
1.2199181547531714
1.376705945134163
1.255291694088986
1.2681895088065753
0.41999907881676496
1.346378827796263
1.843110510281154
0.29323789023405666
1.6723642093794686
0.5525527538620676
1.5566154563868488
2.4591217279434203
1.5558285583620486
0.9035057731407384
1.5391440124561389
0.327065645316184
1.0740516903927388
0.9831787371782191
1.142271392257107
1.2989605599944305
1.1839148278037708
1.3052515061128707
2.105501814322038
1.5485927608628935
1.3339010166085286
0.8793610195318858
1.130892077053817
0.7739932530171034
0.9255635535085438
1.9630908060073853
0.8764409807377628
0.5090106353163719
1.853352816208549
1.6525071719113518
0.4896206919917997
0.8475280687311627
1.045378878697132
0.6765348798786568
1.222917291853163
1.5207385867834091
1.2958900451660156
1.8180951004541372
0.0
2.0192402799924216
1.6436619872325344
2.16130108833313
0.6327475745713821
0.9167733921712597
1.8459045588970184
1.8709531372243708
1.309678945135563
2.089127196205987
0.3677457571523079
1.582202523946762
0.9869285911716372
1.697330983246074
0.7037662244741095
0.4975477279910189
1.5658578611256784
1.5183707220213754
0.9932068024842154
2.022304981538694
1.3945553302764893
