308.0 -336.0
308.0 -336.0
308.99999999999994 -336.0
312.0 -336.0
314.0 -336.0
318.0 -336.0
320.0 -337.0
323.00000000000006 -337.0
323.00000000000006 -337.0
327.00000000000006 -336.0
327.00000000000006 -336.0
336.0 -336.0
338.0 -336.0
344.0 -335.00000000000006
348.0 -335.00000000000006
351.00000000000006 -335.00000000000006
352.99999999999994 -335.00000000000006
352.0 -335.00000000000006
358.0 -334.0
360.0 -334.0
360.0 -334.0
360.0 -334.0
360.0 -334.0
359.00000000000006 -334.0
358.0 -334.0
359.00000000000006 -333.0
362.0 -333.0
364.99999999999994 -333.0
364.99999999999994 -333.0
364.99999999999994 -333.0
366.0 -333.0
368.0 -332.0
368.99999999999994 -332.0
372.0 -331.0
375.00000000000006 -331.0
378.0 -329.99999999999994
380.0 -329.0
383.00000000000006 -328.0
390.0 -327.0
394.0 -326.00000000000006
395.00000000000006 -325.0
395.00000000000006 -325.0
400.0 -325.0
402.0 -324.0
406.0 -324.0
408.0 -323.0
412.99999999999994 -323.0
416.0 -322.0
419.00000000000006 -321.0
420.99999999999994 -321.0
420.99999999999994 -321.0
424.0 -320.0
427.00000000000006 -319.0
432.0 -318.0
436.99999999999994 -316.0
440.99999999999994 -315.0
443.00000000000006 -315.0
447.00000000000006 -313.0
447.00000000000006 -313.0
456.99999999999994 -309.0
458.0 -309.0
466.0 -306.0
472.99999999999994 -303.0
472.99999999999994 -303.0
475.00000000000006 -302.0
484.99999999999994 -297.0
484.99999999999994 -297.0
492.0 -294.0
494.0 -293.0
496.99999999999994 -291.0
504.99999999999994 -287.0
508.0 -285.0
508.0 -285.0
507.00000000000006 -285.0
506.0 -286.0
504.99999999999994 -286.0
504.99999999999994 -286.0
504.99999999999994 -286.0
506.0 -286.0
506.0 -286.0
504.99999999999994 -286.0
504.0 -286.0
504.0 -287.0
504.0 -287.0
504.99999999999994 -286.0
504.99999999999994 -286.0
504.99999999999994 -286.0
504.0 -287.0
504.0 -287.0
503.00000000000006 -287.0
504.0 -287.0
504.0 -286.0
504.99999999999994 -286.0
504.0 -287.0
504.0 -287.0
503.00000000000006 -287.0
500.99999999999994 -288.0
500.99999999999994 -288.0
500.99999999999994 -288.0
504.99999999999994 -286.0
504.99999999999994 -286.0
504.0 -286.0
500.0 -288.0
495.00000000000006 -290.0
490.0 -291.0
303.00000000000006 -335.00000000000006
300.99999999999994 -335.00000000000006
302.0 -335.00000000000006
306.0 -335.00000000000006
308.0 -335.00000000000006
308.99999999999994 -335.00000000000006
308.0 -335.00000000000006
308.0 -335.00000000000006
310.0 -335.00000000000006
312.99999999999994 -335.00000000000006
319.00000000000006 -335.00000000000006
324.99999999999994 -335.00000000000006
328.0 -335.00000000000006
331.00000000000006 -334.0
332.99999999999994 -334.0
335.00000000000006 -334.0
344.0 -333.0
354.0 -332.0
360.0 -331.0
359.00000000000006 -331.0
358.0 -331.0
359.00000000000006 -331.0
360.0 -331.0
364.0 -331.0
367.00000000000006 -331.0
370.0 -331.0
372.99999999999994 -329.99999999999994
374.0 -329.99999999999994
376.0 -329.99999999999994
380.0 -329.0
383.00000000000006 -329.0
387.00000000000006 -329.0
391.00000000000006 -328.0
391.00000000000006 -328.0
395.00000000000006 -327.0
396.99999999999994 -327.0
403.00000000000006 -325.0
408.0 -324.0
410.0 -324.0
412.99999999999994 -323.0
416.99999999999994 -322.0
420.99999999999994 -321.0
302.0 -335.00000000000006
300.99999999999994 -335.00000000000006
302.0 -335.00000000000006
303.00000000000006 -335.00000000000006
304.99999999999994 -335.00000000000006
307.00000000000006 -335.00000000000006
307.00000000000006 -335.00000000000006
310.0 -335.00000000000006
315.00000000000006 -335.00000000000006
315.00000000000006 -335.00000000000006
320.0 -335.00000000000006
324.0 -335.00000000000006
328.0 -335.00000000000006
331.00000000000006 -334.0
332.0 -334.0
336.99999999999994 -333.0
344.99999999999994 -332.0
352.99999999999994 -332.0
354.0 -332.0
355.00000000000006 -332.0
356.99999999999994 -332.0
356.0 -332.0
356.0 -332.0
360.99999999999994 -331.0
366.0 -331.0
366.0 -331.0
364.99999999999994 -331.0
364.0 -331.0
366.0 -331.0
371.00000000000006 -331.0
375.00000000000006 -329.99999999999994
376.0 -329.99999999999994
376.0 -329.99999999999994
376.0 -329.99999999999994
378.0 -329.99999999999994
379.00000000000006 -329.0
384.99999999999994 -329.0
391.00000000000006 -328.0
392.99999999999994 -328.0
396.0 -327.0
396.99999999999994 -327.0
400.99999999999994 -326.00000000000006
404.99999999999994 -325.0
408.0 -324.0
416.0 -323.0
300.0 -335.00000000000006
300.99999999999994 -335.00000000000006
304.0 -335.00000000000006
304.0 -335.00000000000006
304.0 -335.00000000000006
304.0 -335.00000000000006
306.0 -335.00000000000006
308.99999999999994 -335.00000000000006
314.0 -335.00000000000006
319.00000000000006 -335.00000000000006
320.99999999999994 -335.00000000000006
322.0 -335.00000000000006
323.00000000000006 -335.00000000000006
327.00000000000006 -334.0
332.0 -334.0
334.0 -334.0
334.0 -334.0
339.00000000000006 -333.0
343.00000000000006 -333.0
347.00000000000006 -332.0
350.0 -332.0
352.99999999999994 -332.0
355.00000000000006 -332.0
358.0 -332.0
359.00000000000006 -332.0
360.99999999999994 -332.0
366.0 -331.0
368.99999999999994 -331.0
372.0 -331.0
376.0 -331.0
375.00000000000006 -331.0
372.99999999999994 -331.0
372.99999999999994 -331.0
376.0 -331.0
383.00000000000006 -329.0
387.00000000000006 -329.0
395.00000000000006 -327.0
396.0 -327.0
396.0 -327.0
396.0 -327.0
404.99999999999994 -325.0
407.00000000000006 -325.0
407.00000000000006 -324.0
407.00000000000006 -325.0
412.0 -323.0
416.99999999999994 -322.0
422.0 -321.0
302.0 -335.00000000000006
300.99999999999994 -335.00000000000006
300.99999999999994 -335.00000000000006
304.0 -335.00000000000006
310.0 -335.00000000000006
312.0 -336.0
312.99999999999994 -336.0
312.99999999999994 -336.0
314.0 -335.00000000000006
316.0 -335.00000000000006
324.99999999999994 -335.00000000000006
328.0 -335.00000000000006
338.0 -335.00000000000006
340.0 -335.00000000000006
344.0 -335.00000000000006
348.99999999999994 -334.0
354.0 -333.0
360.0 -333.0
368.0 -332.0
370.0 -332.0
370.0 -332.0
372.99999999999994 -331.0
378.0 -329.99999999999994
380.99999999999994 -329.99999999999994
380.99999999999994 -329.99999999999994
398.0 -327.0
404.0 -325.0
404.99999999999994 -325.0
404.99999999999994 -325.0
410.0 -324.0
416.99999999999994 -322.0
424.0 -320.0
432.99999999999994 -318.0
436.0 -317.0
438.0 -316.0
440.99999999999994 -315.0
440.99999999999994 -315.0
451.00000000000006 -311.0
454.0 -310.0
463.00000000000006 -307.0
470.0 -304.0
470.0 -303.0
472.0 -303.0
472.0 -303.0
474.0 -302.0
480.0 -299.0
480.99999999999994 -299.0
488.0 -296.0
484.99999999999994 -296.0
484.99999999999994 -296.0
492.0 -293.0
492.0 -293.0
500.99999999999994 -288.0
504.99999999999994 -286.0
508.99999999999994 -284.0
508.0 -284.0
507.00000000000006 -284.0
507.00000000000006 -285.0
507.00000000000006 -285.0
506.0 -285.0
504.99999999999994 -286.0
504.99999999999994 -286.0
502.0 -287.0
502.0 -287.0
496.0 -289.0
491.00000000000006 -291.0
488.0 -292.0
491.00000000000006 -290.0
500.0 -286.0
500.0 -285.0
506.0 -282.0
504.99999999999994 -283.0
504.99999999999994 -283.0
504.99999999999994 -283.0
503.00000000000006 -284.0
492.99999999999994 -287.0
484.0 -290.0
478.0 -292.0
476.99999999999994 -292.0
480.0 -290.0
480.0 -290.0
490.0 -285.0
498.0 -281.0
503.00000000000006 -279.0
503.00000000000006 -279.0
504.99999999999994 -277.0
504.0 -277.0
510.0 -275.0
511.00000000000006 -274.0
511.00000000000006 -274.0
511.00000000000006 -274.0
510.0 -274.0
510.0 -274.0
508.99999999999994 -275.0
510.0 -274.0
511.00000000000006 -274.0
515.0 -271.0
514.0 -272.0
513.0 -273.0
513.0 -273.0
513.0 -272.0
514.0 -272.0
514.0 -272.0
513.0 -272.0
513.0 -272.0
518.0 -270.0
518.0 -270.0
527.0 -266.0
532.0 -263.0
535.0 -262.0
536.0 -261.0
537.0 -261.0
539.0 -260.0
539.0 -260.0
545.0 -257.0
545.9999999999999 -256.0
545.9999999999999 -256.0
545.9999999999999 -257.0
545.0 -257.0
545.0 -257.0
545.9999999999999 -256.0
547.0 -256.0
547.0 -256.0
547.0 -256.0
545.9999999999999 -256.0
545.9999999999999 -256.0
547.0 -256.0
547.0 -256.0
548.0 -255.00000000000003
547.0 -256.0
547.0 -256.0
547.0 -256.0
550.0000000000001 -254.0
550.0000000000001 -254.0
550.0000000000001 -254.0
550.0000000000001 -254.0
550.0000000000001 -254.0
549.0 -255.00000000000003
549.0 -255.00000000000003
550.0000000000001 -254.0
550.0000000000001 -254.0
550.0000000000001 -254.0
550.0000000000001 -254.0
549.0 -255.00000000000003
549.0 -255.00000000000003
549.0 -254.0
550.0000000000001 -254.0
550.0000000000001 -254.0
550.0000000000001 -254.0
549.0 -255.00000000000003
549.0 -255.00000000000003
549.0 -255.00000000000003
549.0 -255.00000000000003
550.0000000000001 -254.0
550.0000000000001 -254.0
549.0 -254.0
550.0000000000001 -254.0
551.0 -253.0
553.0 -251.0
555.0 -249.0
557.0 -247.0
559.0 -246.00000000000003
559.0 -245.0
560.0 -244.0
561.9999999999999 -242.0
563.0 -241.0
565.0 -240.0
566.0000000000001 -238.0
567.0 -236.0
568.0 -235.0
569.9999999999999 -233.0
572.0 -229.99999999999997
574.0000000000001 -228.00000000000003
575.0 -226.0
577.0 -224.0
577.9999999999999 -222.0
579.0 -220.0
581.0 -219.00000000000003
581.0 -218.0
581.0 -218.0
581.0 -218.0
581.0 -218.0
580.0 -218.0
580.0 -218.0
580.0 -218.0
581.0 -218.0
580.0 -218.0
579.0 -220.0
577.9999999999999 -220.99999999999997
577.0 -222.0
575.0 -224.0
574.0000000000001 -226.0
572.0 -229.0
572.0 -229.99999999999997
571.0 -229.99999999999997
572.0 -229.99999999999997
572.0 -229.99999999999997
572.0 -229.99999999999997
572.0 -229.99999999999997
572.0 -229.99999999999997
572.0 -229.99999999999997
573.0 -229.0
574.0000000000001 -227.0
576.0 -225.0
577.0 -223.0
577.9999999999999 -220.99999999999997
579.0 -219.00000000000003
580.0 -219.00000000000003
579.0 -218.0
579.0 -218.0
579.0 -217.0
579.0 -218.0
577.9999999999999 -218.0
577.9999999999999 -218.0
577.9999999999999 -218.0
577.9999999999999 -218.0
579.0 -218.0
577.9999999999999 -219.00000000000003
576.0 -220.0
575.0 -222.0
574.0000000000001 -224.0
573.0 -226.0
572.0 -228.00000000000003
571.0 -228.00000000000003
571.0 -229.0
571.0 -229.0
571.0 -229.0
571.0 -228.00000000000003
571.0 -228.00000000000003
571.0 -228.00000000000003
571.0 -228.00000000000003
572.0 -228.00000000000003
573.0 -227.0
574.0000000000001 -225.0
576.0 -222.0
577.0 -220.0
577.9999999999999 -219.00000000000003
579.0 -218.0
579.0 -218.0
579.0 -218.0
579.0 -218.0
580.0 -217.0
580.0 -217.0
579.0 -218.0
579.0 -218.0
579.0 -218.0
577.9999999999999 -219.00000000000003
576.0 -220.0
576.0 -220.99999999999997
575.0 -223.0
574.0000000000001 -224.0
573.0 -226.0
571.0 -228.00000000000003
571.0 -229.0
571.0 -229.0
571.0 -229.0
571.0 -229.0
571.0 -229.0
571.0 -229.0
571.0 -229.0
571.0 -229.0
571.0 -229.0
571.0 -229.0
571.0 -228.00000000000003
573.0 -227.0
574.0000000000001 -225.0
576.0 -223.0
577.0 -220.99999999999997
577.9999999999999 -219.00000000000003
579.0 -218.0
581.0 -215.0
577.9999999999999 -216.0
579.0 -216.0
579.0 -216.0
579.0 -216.0
581.0 -214.0
580.0 -215.0
580.0 -215.0
581.0 -215.0
580.0 -215.0
579.0 -217.0
577.0 -220.0
576.0 -220.99999999999997
575.0 -223.0
574.0000000000001 -226.0
572.0 -228.00000000000003
569.9999999999999 -231.0
569.0 -232.0
569.0 -232.0
569.0 -231.0
569.9999999999999 -231.0
569.9999999999999 -231.0
569.9999999999999 -231.0
569.9999999999999 -231.0
569.9999999999999 -231.0
569.9999999999999 -231.0
569.9999999999999 -231.0
569.9999999999999 -231.0
571.0 -229.99999999999997
573.0 -228.00000000000003
574.0000000000001 -226.0
292.0 -335.00000000000006
292.0 -335.00000000000006
292.0 -335.00000000000006
292.0 -334.0
287.00000000000006 -334.0
284.0 -333.0
284.0 -333.0
276.99999999999994 -332.0
267.0 -329.99999999999994
292.0 -334.0
294.0 -335.00000000000006
295.00000000000006 -335.00000000000006
298.0 -335.00000000000006
302.0 -335.00000000000006
303.00000000000006 -335.00000000000006
308.0 -335.00000000000006
316.0 -335.00000000000006
324.99999999999994 -335.00000000000006
327.00000000000006 -335.00000000000006
331.00000000000006 -335.00000000000006
332.0 -335.00000000000006
336.99999999999994 -335.00000000000006
338.0 -335.00000000000006
348.99999999999994 -334.0
352.0 -334.0
356.99999999999994 -333.0
355.00000000000006 -333.0
352.99999999999994 -333.0
346.0 -334.0
344.99999999999994 -334.0
338.0 -335.00000000000006
338.0 -335.00000000000006
344.99999999999994 -334.0
350.0 -334.0
355.00000000000006 -333.0
362.0 -333.0
362.0 -333.0
352.99999999999994 -333.0
346.0 -334.0
343.00000000000006 -334.0
332.99999999999994 -335.00000000000006
336.0 -335.00000000000006
346.0 -334.0
352.0 -334.0
356.0 -333.0
360.0 -333.0
358.0 -333.0
351.00000000000006 -334.0
347.00000000000006 -334.0
344.99999999999994 -334.0
336.0 -335.00000000000006
332.99999999999994 -335.00000000000006
332.99999999999994 -335.00000000000006
342.0 -334.0
342.0 -334.0
356.99999999999994 -333.0
362.0 -332.0
364.99999999999994 -332.0
363.00000000000006 -332.0
356.0 -333.0
348.0 -334.0
344.99999999999994 -334.0
346.0 -334.0
346.0 -334.0
346.0 -334.0
348.99999999999994 -334.0
354.0 -333.0
360.0 -333.0
360.99999999999994 -333.0
360.0 -333.0
352.0 -334.0
346.0 -334.0
342.0 -334.0
332.99999999999994 -335.00000000000006
336.0 -335.00000000000006
344.0 -334.0
350.0 -334.0
350.0 -334.0
360.0 -333.0
360.0 -333.0
363.00000000000006 -332.0
363.00000000000006 -332.0
363.00000000000006 -332.0
356.99999999999994 -333.0
350.0 -334.0
344.99999999999994 -334.0
343.00000000000006 -334.0
343.00000000000006 -334.0
344.0 -334.0
350.0 -334.0
355.00000000000006 -333.0
360.0 -333.0
359.00000000000006 -333.0
359.00000000000006 -333.0
350.0 -334.0
346.0 -334.0
344.99999999999994 -334.0
336.0 -335.00000000000006
336.0 -335.00000000000006
342.0 -334.0
348.0 -334.0
354.0 -333.0
360.99999999999994 -333.0
362.0 -333.0
359.00000000000006 -333.0
350.0 -334.0
344.0 -334.0
344.0 -334.0
344.0 -334.0
346.0 -334.0
350.0 -334.0
354.0 -333.0
359.00000000000006 -333.0
360.0 -333.0
359.00000000000006 -333.0
352.99999999999994 -334.0
348.99999999999994 -334.0
346.0 -334.0
344.99999999999994 -334.0
346.0 -334.0
347.00000000000006 -334.0
351.00000000000006 -334.0
356.0 -333.0
359.00000000000006 -333.0
356.99999999999994 -333.0
350.0 -334.0
350.0 -334.0
348.0 -334.0
348.0 -334.0
348.0 -334.0
348.99999999999994 -334.0
350.0 -333.0
352.0 -333.0
354.0 -333.0
356.0 -333.0
355.00000000000006 -332.0
355.00000000000006 -331.0
355.00000000000006 -331.0
354.0 -331.0
354.0 -331.0
354.0 -331.0
354.0 -331.0
352.99999999999994 -331.0
352.99999999999994 -331.0
352.99999999999994 -331.0
352.99999999999994 -331.0
352.99999999999994 -331.0
352.99999999999994 -331.0
352.99999999999994 -331.0
352.99999999999994 -331.0
352.0 -331.0
347.00000000000006 -331.0
344.0 -331.0
343.00000000000006 -331.0
343.00000000000006 -331.0
348.99999999999994 -331.0
350.0 -331.0
352.0 -331.0
352.99999999999994 -331.0
352.0 -331.0
346.0 -331.0
344.0 -331.0
343.00000000000006 -331.0
344.0 -331.0
350.0 -331.0
351.00000000000006 -331.0
352.0 -331.0
352.0 -331.0
347.00000000000006 -331.0
344.0 -331.0
343.00000000000006 -331.0
344.0 -331.0
348.99999999999994 -331.0
350.0 -331.0
352.0 -331.0
352.0 -331.0
352.99999999999994 -331.0
348.99999999999994 -331.0
346.0 -331.0
346.0 -331.0
346.0 -331.0
347.00000000000006 -331.0
354.0 -331.0
356.0 -329.99999999999994
356.0 -329.99999999999994
356.99999999999994 -329.99999999999994
352.99999999999994 -329.99999999999994
344.99999999999994 -329.99999999999994
332.99999999999994 -329.0
330.0 -329.0
330.0 -329.0
340.0 -329.99999999999994
346.0 -329.99999999999994
355.00000000000006 -329.99999999999994
359.00000000000006 -329.99999999999994
360.0 -329.99999999999994
359.00000000000006 -329.99999999999994
352.0 -329.99999999999994
352.99999999999994 -329.99999999999994
352.99999999999994 -329.99999999999994
344.0 -329.99999999999994
334.0 -329.99999999999994
330.0 -329.0
328.99999999999994 -329.0
336.99999999999994 -329.99999999999994
342.0 -329.99999999999994
354.0 -329.99999999999994
359.00000000000006 -329.99999999999994
360.0 -329.99999999999994
356.99999999999994 -329.99999999999994
350.0 -329.99999999999994
352.99999999999994 -329.99999999999994
352.99999999999994 -329.99999999999994
351.00000000000006 -329.99999999999994
348.0 -331.0
336.99999999999994 -331.0
323.00000000000006 -329.99999999999994
323.00000000000006 -329.99999999999994
324.0 -329.99999999999994
336.99999999999994 -331.0
347.00000000000006 -331.0
352.99999999999994 -331.0
354.0 -331.0
352.0 -331.0
351.00000000000006 -331.0
347.00000000000006 -331.0
346.0 -331.0
348.0 -331.0
348.0 -331.0
350.0 -331.0
350.0 -331.0
350.0 -331.0
351.00000000000006 -331.0
354.0 -331.0
354.0 -329.99999999999994
358.0 -329.0
347.00000000000006 -329.0
338.0 -329.0
334.0 -329.0
336.0 -329.0
346.0 -329.0
348.99999999999994 -329.0
359.00000000000006 -329.0
362.0 -329.0
362.0 -329.0
360.99999999999994 -329.0
360.0 -329.0
352.0 -329.0
343.00000000000006 -329.0
343.00000000000006 -328.0
340.99999999999994 -328.0
340.0 -328.0
340.99999999999994 -328.0
350.0 -328.0
356.0 -328.0
363.00000000000006 -328.0
363.00000000000006 -328.0
355.00000000000006 -328.0
343.00000000000006 -328.0
340.0 -328.0
332.99999999999994 -328.0
334.0 -328.0
344.99999999999994 -328.0
350.0 -328.0
359.00000000000006 -328.0
363.00000000000006 -328.0
362.0 -328.0
354.0 -328.0
343.00000000000006 -328.0
340.99999999999994 -328.0
334.0 -328.0
336.0 -328.0
344.99999999999994 -328.0
348.99999999999994 -328.0
356.0 -328.0
363.00000000000006 -328.0
368.0 -328.0
367.00000000000006 -327.0
359.00000000000006 -328.0
347.00000000000006 -328.0
344.0 -328.0
338.0 -328.0
339.00000000000006 -328.0
340.0 -328.0
340.99999999999994 -328.0
350.0 -328.0
352.99999999999994 -328.0
352.99999999999994 -328.0
352.99999999999994 -328.0
347.00000000000006 -327.0
344.99999999999994 -327.0
339.00000000000006 -327.0
339.00000000000006 -327.0
350.0 -327.0
356.99999999999994 -327.0
360.0 -327.0
360.99999999999994 -327.0
351.00000000000006 -327.0
344.99999999999994 -327.0
336.0 -327.0
330.0 -326.00000000000006
332.0 -327.0
334.0 -327.0
348.0 -326.00000000000006
352.0 -326.00000000000006
363.00000000000006 -326.00000000000006
364.99999999999994 -326.00000000000006
364.99999999999994 -325.0
356.99999999999994 -326.00000000000006
351.00000000000006 -326.00000000000006
296.0 -335.00000000000006
299.00000000000006 -335.00000000000006
300.0 -335.00000000000006
303.00000000000006 -335.00000000000006
306.0 -335.00000000000006
306.0 -335.00000000000006
311.00000000000006 -335.00000000000006
320.99999999999994 -335.00000000000006
330.0 -335.00000000000006
332.99999999999994 -335.00000000000006
336.0 -335.00000000000006
336.0 -335.00000000000006
332.99999999999994 -335.00000000000006
335.00000000000006 -335.00000000000006
338.0 -335.00000000000006
339.00000000000006 -335.00000000000006
336.99999999999994 -335.00000000000006
335.00000000000006 -335.00000000000006
335.00000000000006 -335.00000000000006
334.0 -335.00000000000006
336.0 -335.00000000000006
336.99999999999994 -335.00000000000006
338.0 -335.00000000000006
338.0 -334.0
336.0 -334.0
335.00000000000006 -334.0
336.0 -334.0
338.0 -334.0
339.00000000000006 -334.0
338.0 -334.0
336.0 -334.0
327.00000000000006 -333.0
320.0 -332.0
316.0 -332.0
316.0 -332.0
323.00000000000006 -331.0
323.00000000000006 -331.0
332.99999999999994 -331.0
332.99999999999994 -331.0
342.0 -331.0
343.00000000000006 -331.0
342.0 -331.0
340.99999999999994 -331.0
340.0 -331.0
340.99999999999994 -331.0
342.0 -331.0
342.0 -331.0
342.0 -331.0
348.0 -329.99999999999994
347.00000000000006 -329.99999999999994
332.0 -329.99999999999994
326.0 -329.0
319.00000000000006 -328.0
312.99999999999994 -327.0
316.0 -327.0
316.99999999999994 -326.00000000000006
319.00000000000006 -327.0
320.99999999999994 -327.0
330.0 -326.00000000000006
332.0 -326.00000000000006
336.0 -326.00000000000006
336.0 -326.00000000000006
336.99999999999994 -325.0
330.0 -325.0
330.0 -325.0
328.99999999999994 -324.0
328.0 -324.0
328.0 -324.0
331.00000000000006 -325.0
331.00000000000006 -323.0
331.00000000000006 -323.0
330.0 -323.0
328.99999999999994 -323.0
328.0 -323.0
328.99999999999994 -323.0
339.00000000000006 -322.0
354.0 -322.0
355.00000000000006 -322.0
355.00000000000006 -322.0
354.0 -322.0
352.99999999999994 -322.0
352.99999999999994 -322.0
354.0 -322.0
354.0 -322.0
354.0 -322.0
352.99999999999994 -322.0
352.0 -322.0
348.99999999999994 -322.0
348.99999999999994 -322.0
350.0 -322.0
350.0 -322.0
348.99999999999994 -322.0
348.99999999999994 -322.0
348.99999999999994 -322.0
348.99999999999994 -322.0
348.99999999999994 -322.0
328.99999999999994 -321.0
320.0 -319.0
308.0 -318.0
300.0 -316.0
300.0 -315.0
304.0 -315.0
306.0 -315.0
308.0 -315.0
308.0 -315.0
311.00000000000006 -315.0
314.0 -315.0
320.99999999999994 -315.0
324.99999999999994 -315.0
324.99999999999994 -315.0
344.0 -314.0
344.99999999999994 -314.0
344.99999999999994 -314.0
344.99999999999994 -314.0
352.0 -313.0
344.0 -313.0
338.0 -313.0
296.99999999999994 -335.00000000000006
298.0 -335.00000000000006
299.00000000000006 -335.00000000000006
298.0 -335.00000000000006
296.99999999999994 -335.00000000000006
296.99999999999994 -335.00000000000006
296.0 -335.00000000000006
296.99999999999994 -335.00000000000006
295.00000000000006 -335.00000000000006
292.99999999999994 -334.0
288.99999999999994 -333.0
284.99999999999994 -333.0
282.0 -332.0
278.0 -331.0
276.0 -331.0
272.99999999999994 -329.99999999999994
272.99999999999994 -329.99999999999994
272.99999999999994 -329.99999999999994
271.0 -329.0
260.0 -327.0
256.0 -326.00000000000006
251.0 -324.0
243.0 -322.0
240.0 -321.0
238.0 -320.0
239.0 -321.0
241.0 -321.0
242.0 -321.0
242.0 -321.0
241.0 -321.0
241.0 -321.0
222.0 -315.0
215.0 -311.0
207.0 -308.0
201.0 -305.0
198.0 -303.0
196.0 -302.0
197.0 -302.0
199.0 -303.0
199.0 -303.0
199.0 -303.0
199.0 -303.0
199.0 -303.0
199.0 -303.0
199.0 -302.0
198.0 -302.0
197.0 -302.0
196.0 -302.0
194.0 -301.0
191.0 -300.0
189.0 -299.0
187.0 -298.0
182.0 -297.0
182.0 -296.0
179.0 -295.0
176.0 -294.0
173.0 -293.0
171.0 -292.0
170.0 -291.0
166.0 -289.0
163.0 -288.0
161.0 -287.0
157.0 -285.0
156.0 -284.0
152.0 -282.0
150.0 -281.0
145.0 -278.0
141.0 -276.0
140.0 -275.0
134.0 -271.0
131.0 -269.0
130.0 -268.0
130.0 -268.0
125.0 -264.0
125.0 -264.0
125.0 -264.0
125.0 -264.0
125.0 -264.0
120.0 -260.0
121.0 -260.0
121.0 -260.0
121.0 -260.0
121.0 -260.0
121.0 -260.0
121.0 -260.0
121.0 -260.0
121.0 -260.0
108.0 -247.0
108.0 -247.0
108.0 -247.0
108.0 -247.0
108.0 -247.0
100.0 -235.0
100.0 -235.0
100.0 -235.0
100.0 -235.0
100.0 -235.0
100.0 -235.0
100.0 -235.0
100.0 -235.0
100.0 -235.0
100.0 -235.0
100.0 -235.0
100.0 -235.0
100.0 -235.0
100.0 -235.0
100.0 -235.0
100.0 -235.0
100.0 -235.0
100.0 -235.0
100.0 -235.0
100.0 -235.0
100.0 -235.0
100.0 -235.0
100.0 -235.0
100.0 -235.0
100.0 -235.0
100.0 -235.0
100.0 -235.0
100.0 -235.0
100.0 -235.0
100.0 -235.0
100.0 -235.0
100.0 -235.0
100.0 -235.0
100.0 -235.0
100.0 -235.0
100.0 -235.0
100.0 -235.0
100.0 -235.0
100.0 -235.0
100.0 -235.0
100.0 -235.0
100.0 -235.0
100.0 -235.0
100.0 -235.0
100.0 -235.0
100.0 -235.0
100.0 -235.0
100.0 -235.0
100.0 -235.0
100.0 -235.0
100.0 -235.0
100.0 -235.0
93.0 -213.0
93.0 -213.0
93.0 -213.0
93.0 -213.0
93.0 -213.0
93.0 -213.0
93.0 -213.0
93.0 -213.0
93.0 -213.0
93.0 -213.0
93.0 -213.0
93.0 -213.0
93.0 -213.0
93.0 -213.0
93.0 -213.0
93.0 -213.0
93.0 -213.0
93.0 -213.0
93.0 -213.0
93.0 -213.0
93.0 -213.0
93.0 -213.0
93.0 -213.0
93.0 -213.0
93.0 -213.0
93.0 -213.0
93.0 -213.0
93.0 -213.0
93.0 -213.0
93.0 -213.0
93.0 -213.0
93.0 -213.0
93.0 -213.0
93.0 -213.0
93.0 -213.0
93.0 -213.0
93.0 -213.0
93.0 -213.0
93.0 -213.0
93.0 -213.0
93.0 -213.0
97.0 -216.0
97.0 -216.0
97.0 -216.0
97.0 -216.0
97.0 -216.0
97.0 -216.0
97.0 -216.0
97.0 -216.0
97.0 -216.0
97.0 -216.0
97.0 -216.0
97.0 -216.0
97.0 -216.0
97.0 -216.0
97.0 -216.0
97.0 -217.0
97.0 -217.0
97.0 -217.0
97.0 -217.0
97.0 -217.0
97.0 -217.0
97.0 -217.0
97.0 -217.0
97.0 -217.0
97.0 -217.0
97.0 -217.0
97.0 -217.0
97.0 -217.0
97.0 -217.0
97.0 -217.0
97.0 -217.0
97.0 -217.0
97.0 -217.0
97.0 -217.0
97.0 -217.0
97.0 -217.0
97.0 -217.0
97.0 -217.0
97.0 -217.0
97.0 -217.0
97.0 -217.0
97.0 -217.0
97.0 -217.0
97.0 -217.0
97.0 -217.0
97.0 -217.0
97.0 -217.0
97.0 -217.0
97.0 -217.0
97.0 -217.0
97.0 -217.0
97.0 -217.0
97.0 -217.0
97.0 -217.0
97.0 -217.0
97.0 -217.0
98.0 -217.0
98.0 -217.0
98.0 -217.0
98.0 -217.0
97.0 -216.0
97.0 -216.0
97.0 -216.0
97.0 -216.0
97.0 -216.0
97.0 -216.0
97.0 -216.0
97.0 -216.0
97.0 -216.0
97.0 -216.0
97.0 -216.0
97.0 -216.0
97.0 -216.0
97.0 -216.0
97.0 -216.0
97.0 -216.0
97.0 -216.0
97.0 -216.0
97.0 -216.0
97.0 -216.0
97.0 -216.0
97.0 -216.0
97.0 -216.0
97.0 -216.0
97.0 -216.0
97.0 -216.0
97.0 -216.0
97.0 -216.0
97.0 -216.0
97.0 -216.0
97.0 -216.0
97.0 -216.0
97.0 -216.0
97.0 -216.0
97.0 -216.0
97.0 -216.0
97.0 -216.0
97.0 -216.0
97.0 -216.0
97.0 -216.0
97.0 -216.0
97.0 -216.0
97.0 -216.0
97.0 -216.0
97.0 -216.0
97.0 -216.0
97.0 -216.0
97.0 -216.0
97.0 -216.0
97.0 -216.0
97.0 -216.0
97.0 -216.0
97.0 -216.0
97.0 -216.0
97.0 -216.0
97.0 -216.0
307.00000000000006 -336.0
306.0 -336.0
304.0 -335.00000000000006
304.0 -335.00000000000006
308.0 -335.00000000000006
312.99999999999994 -336.0
320.99999999999994 -336.0
327.00000000000006 -336.0
331.00000000000006 -336.0
324.99999999999994 -336.0
324.0 -335.00000000000006
326.0 -335.00000000000006
328.99999999999994 -336.0
331.00000000000006 -336.0
330.0 -336.0
327.00000000000006 -336.0
324.0 -336.0
326.0 -336.0
330.0 -335.00000000000006
335.00000000000006 -335.00000000000006
336.99999999999994 -335.00000000000006
338.0 -335.00000000000006
338.0 -334.0
339.00000000000006 -334.0
344.0 -333.0
350.0 -333.0
352.99999999999994 -333.0
354.0 -332.0
352.99999999999994 -332.0
352.99999999999994 -332.0
355.00000000000006 -331.0
359.00000000000006 -331.0
367.00000000000006 -329.99999999999994
371.00000000000006 -329.0
371.00000000000006 -329.0
372.99999999999994 -328.0
376.99999999999994 -327.0
384.0 -325.0
388.99999999999994 -325.0
392.0 -324.0
396.0 -324.0
395.00000000000006 -324.0
395.00000000000006 -324.0
399.00000000000006 -324.0
400.0 -323.0
407.00000000000006 -323.0
412.0 -322.0
411.00000000000006 -322.0
412.99999999999994 -322.0
414.0 -321.0
418.0 -320.0
423.00000000000006 -319.0
424.99999999999994 -319.0
427.00000000000006 -318.0
428.99999999999994 -318.0
424.99999999999994 -319.0
428.0 -318.0
431.00000000000006 -317.0
436.0 -316.0
440.99999999999994 -315.0
442.0 -314.0
443.00000000000006 -314.0
444.99999999999994 -313.0
451.00000000000006 -311.0
452.0 -311.0
452.0 -311.0
455.00000000000006 -310.0
460.0 -308.0
466.0 -305.0
468.0 -304.0
472.0 -302.0
483.00000000000006 -298.0
483.00000000000006 -298.0
488.0 -295.0
484.99999999999994 -297.0
484.99999999999994 -296.0
486.0 -296.0
488.0 -295.0
488.0 -295.0
487.00000000000006 -296.0
484.99999999999994 -296.0
484.0 -297.0
484.99999999999994 -296.0
486.0 -296.0
487.00000000000006 -295.0
487.00000000000006 -296.0
484.99999999999994 -296.0
484.99999999999994 -296.0
484.99999999999994 -296.0
484.99999999999994 -296.0
486.0 -296.0
486.0 -296.0
484.99999999999994 -296.0
475.00000000000006 -301.0
472.0 -302.0
472.99999999999994 -301.0
476.99999999999994 -300.0
486.0 -296.0
488.99999999999994 -294.0
492.0 -293.0
492.0 -293.0
491.00000000000006 -293.0
491.00000000000006 -293.0
491.00000000000006 -293.0
492.0 -293.0
491.00000000000006 -293.0
488.99999999999994 -294.0
486.0 -295.0
483.00000000000006 -296.0
483.00000000000006 -296.0
478.0 -298.0
475.00000000000006 -298.0
475.00000000000006 -298.0
479.00000000000006 -296.0
479.00000000000006 -296.0
487.00000000000006 -292.0
494.0 -289.0
494.0 -289.0
503.00000000000006 -284.0
503.00000000000006 -284.0
500.99999999999994 -285.0
500.99999999999994 -285.0
480.99999999999994 -292.0
472.0 -296.0
300.0 -335.00000000000006
299.00000000000006 -335.00000000000006
299.00000000000006 -335.00000000000006
300.99999999999994 -335.00000000000006
307.00000000000006 -335.00000000000006
308.99999999999994 -335.00000000000006
312.0 -335.00000000000006
315.00000000000006 -335.00000000000006
320.0 -335.00000000000006
318.0 -335.00000000000006
318.0 -335.00000000000006
324.99999999999994 -335.00000000000006
330.0 -335.00000000000006
332.99999999999994 -335.00000000000006
338.0 -335.00000000000006
344.99999999999994 -334.0
350.0 -334.0
356.0 -333.0
355.00000000000006 -333.0
355.00000000000006 -333.0
360.0 -333.0
362.0 -333.0
368.99999999999994 -332.0
378.0 -329.99999999999994
380.99999999999994 -329.99999999999994
390.0 -328.0
391.00000000000006 -328.0
396.99999999999994 -327.0
399.00000000000006 -326.00000000000006
402.0 -325.0
408.0 -324.0
416.0 -322.0
420.0 -321.0
426.0 -319.0
428.99999999999994 -318.0
432.99999999999994 -317.0
439.00000000000006 -315.0
443.00000000000006 -314.0
448.99999999999994 -312.0
448.99999999999994 -311.0
456.99999999999994 -309.0
456.99999999999994 -309.0
466.0 -305.0
470.0 -303.0
470.0 -303.0
468.99999999999994 -303.0
468.0 -304.0
467.00000000000006 -304.0
475.00000000000006 -301.0
475.00000000000006 -301.0
478.0 -299.0
487.00000000000006 -296.0
488.0 -295.0
490.0 -294.0
496.99999999999994 -290.0
502.0 -287.0
504.99999999999994 -285.0
511.00000000000006 -282.0
518.0 -278.0
520.0 -277.0
519.0 -277.0
519.0 -277.0
519.0 -277.0
520.0 -277.0
520.0 -277.0
520.0 -277.0
520.0 -277.0
520.0 -277.0
520.0 -277.0
519.0 -277.0
519.0 -277.0
518.0 -277.0
518.0 -278.0
518.0 -278.0
518.0 -278.0
518.0 -277.0
522.0 -275.0
520.0 -276.0
519.0 -277.0
519.0 -277.0
519.0 -277.0
520.0 -276.0
520.0 -276.0
520.0 -277.0
519.0 -277.0
526.0 -272.0
525.0 -273.0
527.0 -272.0
528.0 -271.0
528.0 -271.0
526.0 -272.0
525.0 -273.0
526.0 -273.0
526.0 -272.0
527.0 -272.0
527.0 -272.0
527.0 -272.0
526.0 -272.0
526.0 -272.0
526.0 -272.0
530.0 -270.0
532.0 -268.0
537.0 -265.0
538.0 -263.0
539.0 -262.0
541.0 -261.0
541.0 -260.0
542.0 -260.0
544.0 -258.0
544.0 -258.0
545.9999999999999 -256.0
548.0 -254.0
549.0 -253.0
550.0000000000001 -251.0
551.0 -251.0
552.0 -249.0
553.0 -247.0
555.0 -245.0
556.0 -244.0
558.0000000000001 -242.0
561.0 -238.99999999999997
561.9999999999999 -237.00000000000003
563.0 -235.0
565.0 -233.0
566.0000000000001 -231.0
568.0 -229.0
569.0 -226.0
571.0 -224.0
572.0 -223.0
572.0 -222.0
572.0 -222.0
572.0 -222.0
572.0 -222.0
572.0 -222.0
571.0 -222.0
571.0 -223.0
571.0 -223.0
571.0 -223.0
569.0 -225.0
567.0 -227.0
566.0000000000001 -228.00000000000003
565.0 -231.0
563.0 -233.0
295.00000000000006 -335.00000000000006
294.0 -335.00000000000006
296.0 -335.00000000000006
296.0 -335.00000000000006
296.0 -335.00000000000006
298.0 -335.00000000000006
302.0 -335.00000000000006
304.99999999999994 -335.00000000000006
307.00000000000006 -335.00000000000006
310.0 -335.00000000000006
314.0 -334.0
318.0 -334.0
324.99999999999994 -334.0
328.99999999999994 -334.0
332.99999999999994 -333.0
339.00000000000006 -333.0
346.0 -332.0
351.00000000000006 -331.0
352.0 -331.0
352.0 -331.0
352.0 -331.0
354.0 -331.0
352.99999999999994 -331.0
352.99999999999994 -331.0
359.00000000000006 -331.0
363.00000000000006 -331.0
364.99999999999994 -329.99999999999994
368.99999999999994 -329.99999999999994
370.0 -329.99999999999994
372.0 -329.99999999999994
376.0 -329.0
379.00000000000006 -329.0
383.00000000000006 -329.0
386.0 -328.0
388.0 -328.0
391.00000000000006 -327.0
392.99999999999994 -327.0
399.00000000000006 -326.00000000000006
403.00000000000006 -325.0
404.0 -325.0
408.0 -324.0
412.0 -323.0
416.0 -322.0
424.99999999999994 -319.0
430.0 -318.0
435.00000000000006 -317.0
432.99999999999994 -317.0
436.99999999999994 -316.0
436.0 -316.0
436.0 -316.0
436.99999999999994 -315.0
438.0 -315.0
438.0 -315.0
436.0 -316.0
435.00000000000006 -316.0
435.00000000000006 -316.0
440.0 -315.0
440.99999999999994 -314.0
440.99999999999994 -314.0
440.0 -315.0
438.0 -315.0
436.99999999999994 -315.0
438.0 -315.0
439.00000000000006 -315.0
440.0 -315.0
440.0 -315.0
438.0 -315.0
436.99999999999994 -315.0
436.99999999999994 -315.0
443.00000000000006 -314.0
444.99999999999994 -313.0
444.99999999999994 -313.0
444.99999999999994 -313.0
442.0 -314.0
438.0 -314.0
436.0 -315.0
434.0 -315.0
432.0 -315.0
428.0 -316.0
424.0 -317.0
418.0 -317.0
298.0 -335.00000000000006
299.00000000000006 -335.00000000000006
298.0 -335.00000000000006
296.99999999999994 -335.00000000000006
291.00000000000006 -333.0
288.99999999999994 -333.0
288.0 -333.0
282.0 -332.0
271.0 -329.99999999999994
267.0 -329.99999999999994
259.0 -328.0
254.0 -327.0
251.0 -326.00000000000006
251.0 -326.00000000000006
251.0 -326.00000000000006
251.0 -326.00000000000006
251.0 -326.00000000000006
251.0 -326.00000000000006
251.0 -326.00000000000006
252.0 -326.00000000000006
252.0 -326.00000000000006
252.0 -326.00000000000006
252.0 -326.00000000000006
251.0 -326.00000000000006
250.0 -326.00000000000006
247.0 -325.0
246.0 -325.0
245.0 -324.0
245.0 -324.0
240.0 -323.0
237.0 -322.0
235.0 -321.0
233.0 -320.0
231.0 -319.0
228.0 -318.0
225.0 -317.0
228.0 -317.0
224.0 -315.0
221.0 -314.0
217.0 -312.0
213.0 -310.0
207.0 -308.0
203.0 -306.0
198.0 -303.0
194.0 -301.0
191.0 -299.0
188.0 -297.0
183.0 -295.0
181.0 -293.0
178.0 -291.0
175.0 -289.0
172.0 -287.0
170.0 -286.0
168.0 -284.0
166.0 -283.0
167.0 -283.0
168.0 -283.0
168.0 -283.0
168.0 -284.0
168.0 -283.0
167.0 -283.0
167.0 -283.0
165.0 -282.0
165.0 -282.0
165.0 -282.0
163.0 -281.0
160.0 -280.0
157.0 -279.0
155.0 -278.0
153.0 -277.0
150.0 -275.0
150.0 -275.0
146.0 -273.0
146.0 -273.0
141.0 -270.0
141.0 -270.0
141.0 -270.0
141.0 -270.0
141.0 -270.0
141.0 -270.0
141.0 -270.0
141.0 -270.0
141.0 -270.0
141.0 -270.0
141.0 -270.0
141.0 -270.0
141.0 -270.0
141.0 -270.0
141.0 -270.0
141.0 -270.0
141.0 -270.0
141.0 -270.0
141.0 -270.0
141.0 -270.0
141.0 -270.0
141.0 -270.0
141.0 -270.0
141.0 -270.0
141.0 -270.0
141.0 -270.0
141.0 -270.0
141.0 -270.0
141.0 -270.0
141.0 -270.0
141.0 -270.0
141.0 -270.0
141.0 -270.0
141.0 -270.0
141.0 -270.0
141.0 -270.0
141.0 -270.0
141.0 -270.0
141.0 -270.0
141.0 -270.0
141.0 -270.0
141.0 -270.0
141.0 -270.0
141.0 -270.0
141.0 -270.0
141.0 -270.0
141.0 -270.0
141.0 -270.0
141.0 -270.0
141.0 -270.0
141.0 -270.0
141.0 -270.0
141.0 -270.0
141.0 -270.0
141.0 -270.0
141.0 -270.0
141.0 -270.0
141.0 -270.0
141.0 -270.0
141.0 -270.0
141.0 -270.0
141.0 -270.0
141.0 -270.0
141.0 -270.0
141.0 -270.0
141.0 -270.0
141.0 -270.0
141.0 -270.0
141.0 -270.0
141.0 -270.0
141.0 -270.0
141.0 -270.0
141.0 -270.0
141.0 -270.0
141.0 -270.0
141.0 -270.0
141.0 -270.0
141.0 -270.0
141.0 -270.0
141.0 -270.0
141.0 -270.0
141.0 -270.0
141.0 -270.0
141.0 -270.0
141.0 -270.0
141.0 -270.0
141.0 -270.0
141.0 -270.0
141.0 -270.0
141.0 -270.0
141.0 -270.0
141.0 -270.0
141.0 -270.0
141.0 -270.0
141.0 -270.0
141.0 -270.0
141.0 -270.0
141.0 -270.0
141.0 -270.0
141.0 -270.0
141.0 -270.0
141.0 -270.0
141.0 -270.0
141.0 -270.0
141.0 -270.0
141.0 -270.0
141.0 -270.0
141.0 -270.0
141.0 -270.0
141.0 -270.0
141.0 -270.0
141.0 -270.0
141.0 -270.0
141.0 -270.0
141.0 -270.0
141.0 -270.0
141.0 -270.0
141.0 -270.0
141.0 -270.0
141.0 -270.0
141.0 -270.0
141.0 -270.0
141.0 -270.0
141.0 -270.0
141.0 -270.0
141.0 -270.0
141.0 -270.0
141.0 -270.0
141.0 -270.0
141.0 -270.0
141.0 -270.0
141.0 -270.0
141.0 -270.0
141.0 -270.0
141.0 -270.0
141.0 -270.0
141.0 -270.0
141.0 -270.0
141.0 -270.0
141.0 -270.0
141.0 -270.0
141.0 -270.0
141.0 -270.0
141.0 -270.0
141.0 -270.0
141.0 -270.0
141.0 -270.0
141.0 -270.0
141.0 -270.0
141.0 -270.0
141.0 -270.0
141.0 -270.0
141.0 -270.0
141.0 -270.0
141.0 -270.0
141.0 -270.0
141.0 -270.0
141.0 -270.0
141.0 -270.0
141.0 -270.0
141.0 -270.0
141.0 -270.0
141.0 -270.0
141.0 -270.0
141.0 -270.0
141.0 -270.0
141.0 -270.0
141.0 -270.0
141.0 -270.0
141.0 -270.0
141.0 -270.0
141.0 -270.0
141.0 -270.0
141.0 -270.0
141.0 -270.0
141.0 -270.0
141.0 -270.0
141.0 -270.0
141.0 -270.0
141.0 -270.0
141.0 -270.0
141.0 -270.0
141.0 -270.0
141.0 -270.0
141.0 -270.0
141.0 -270.0
141.0 -270.0
141.0 -270.0
141.0 -270.0
141.0 -270.0
141.0 -270.0
141.0 -270.0
141.0 -270.0
141.0 -270.0
141.0 -270.0
141.0 -270.0
141.0 -270.0
141.0 -270.0
141.0 -270.0
141.0 -270.0
141.0 -270.0
141.0 -270.0
141.0 -270.0
141.0 -270.0
141.0 -270.0
141.0 -270.0
141.0 -270.0
141.0 -270.0
141.0 -270.0
141.0 -270.0
141.0 -270.0
141.0 -270.0
141.0 -270.0
141.0 -270.0
141.0 -270.0
141.0 -270.0
141.0 -270.0
141.0 -270.0
141.0 -270.0
141.0 -270.0
141.0 -270.0
141.0 -270.0
141.0 -270.0
141.0 -270.0
141.0 -270.0
141.0 -270.0
141.0 -270.0
303.00000000000006 -335.00000000000006
303.00000000000006 -335.00000000000006
304.99999999999994 -336.0
308.0 -336.0
312.99999999999994 -336.0
314.0 -335.00000000000006
316.0 -335.00000000000006
322.0 -335.00000000000006
328.99999999999994 -335.00000000000006
332.0 -335.00000000000006
336.99999999999994 -335.00000000000006
340.0 -335.00000000000006
343.00000000000006 -335.00000000000006
352.99999999999994 -334.0
358.0 -333.0
363.00000000000006 -333.0
368.99999999999994 -332.0
371.00000000000006 -332.0
376.0 -331.0
375.00000000000006 -331.0
375.00000000000006 -331.0
375.00000000000006 -331.0
386.0 -329.0
386.0 -329.0
386.0 -329.0
396.0 -327.0
400.99999999999994 -326.00000000000006
407.00000000000006 -325.0
410.0 -324.0
415.00000000000006 -323.0
419.00000000000006 -322.0
422.0 -321.0
428.99999999999994 -319.0
435.00000000000006 -317.0
440.0 -315.0
444.99999999999994 -314.0
448.0 -313.0
452.99999999999994 -311.0
452.99999999999994 -311.0
460.99999999999994 -308.0
471.00000000000006 -304.0
472.99999999999994 -303.0
476.0 -301.0
483.00000000000006 -298.0
482.0 -298.0
488.0 -295.0
491.00000000000006 -294.0
496.0 -291.0
506.0 -287.0
510.0 -284.0
510.0 -284.0
513.0 -282.0
513.0 -282.0
513.0 -282.0
526.0 -274.0
525.0 -274.0
525.0 -274.0
523.0 -275.0
523.0 -276.0
523.0 -276.0
524.0 -275.0
525.0 -274.0
524.0 -275.0
524.0 -275.0
524.0 -275.0
522.0 -276.0
523.0 -275.0
524.0 -275.0
524.0 -275.0
524.0 -275.0
520.0 -277.0
520.0 -277.0
520.0 -277.0
521.0 -276.0
522.0 -276.0
522.0 -276.0
520.0 -277.0
520.0 -277.0
519.0 -277.0
521.0 -277.0
521.0 -276.0
521.0 -276.0
521.0 -277.0
519.0 -277.0
519.0 -277.0
520.0 -277.0
521.0 -276.0
521.0 -276.0
522.0 -275.0
523.0 -275.0
525.0 -274.0
527.0 -272.0
530.0 -270.0
531.0 -269.0
532.0 -268.0
531.0 -268.0
532.0 -268.0
533.0 -267.0
535.0 -265.0
538.0 -262.0
539.0 -261.0
539.0 -261.0
540.0 -260.0
542.0 -258.0
544.0 -256.0
545.9999999999999 -254.0
548.0 -252.0
550.0000000000001 -250.0
551.0 -247.99999999999997
552.0 -247.0
553.9999999999999 -245.0
556.0 -242.0
558.0000000000001 -240.0
559.0 -238.0
560.0 -236.0
561.0 -235.0
561.9999999999999 -233.0
564.0 -231.0
566.0000000000001 -229.0
566.0000000000001 -228.00000000000003
566.0000000000001 -228.00000000000003
565.0 -228.00000000000003
565.0 -229.0
565.0 -229.0
565.0 -229.0
565.0 -229.0
565.0 -229.0
564.0 -229.0
564.0 -229.99999999999997
561.9999999999999 -231.0
565.0 -231.0
566.0000000000001 -231.0
565.0 -232.0
563.0 -234.0
561.9999999999999 -236.0
561.0 -238.0
560.0 -238.99999999999997
560.0 -238.0
560.0 -238.0
560.0 -238.0
560.0 -238.99999999999997
561.9999999999999 -238.0
561.9999999999999 -238.0
561.9999999999999 -238.0
563.0 -237.00000000000003
563.0 -237.00000000000003
563.0 -237.00000000000003
564.0 -236.0
565.0 -235.0
566.0000000000001 -233.0
567.0 -231.0
569.0 -229.0
569.0 -228.00000000000003
569.9999999999999 -228.00000000000003
569.9999999999999 -228.00000000000003
569.9999999999999 -228.00000000000003
569.9999999999999 -227.0
569.9999999999999 -227.0
569.0 -228.00000000000003
569.0 -228.00000000000003
569.0 -228.00000000000003
568.0 -229.0
567.0 -229.99999999999997
566.0000000000001 -232.0
559.0 -238.0
558.0000000000001 -238.99999999999997
558.0000000000001 -238.99999999999997
557.0 -238.99999999999997
558.0000000000001 -238.99999999999997
558.0000000000001 -238.99999999999997
560.0 -238.0
560.0 -238.0
559.0 -238.0
559.0 -238.0
561.0 -237.00000000000003
561.9999999999999 -236.0
564.0 -234.0
565.0 -232.0
566.0000000000001 -229.99999999999997
567.0 -228.00000000000003
568.0 -228.00000000000003
568.0 -227.0
568.0 -227.0
568.0 -228.00000000000003
568.0 -228.00000000000003
567.0 -228.00000000000003
567.0 -228.00000000000003
567.0 -228.00000000000003
567.0 -228.00000000000003
566.0000000000001 -229.0
566.0000000000001 -231.0
566.0000000000001 -232.0
564.0 -234.0
563.0 -235.0
561.9999999999999 -236.0
563.0 -236.0
561.9999999999999 -236.0
561.9999999999999 -237.00000000000003
561.9999999999999 -237.00000000000003
561.9999999999999 -236.0
563.0 -236.0
563.0 -236.0
564.0 -236.0
563.0 -236.0
564.0 -235.0
566.0000000000001 -232.0
564.0 -232.0
566.0000000000001 -229.99999999999997
567.0 -228.00000000000003
568.0 -227.0
568.0 -226.0
568.0 -226.0
568.0 -226.0
568.0 -226.0
568.0 -226.0
568.0 -226.0
567.0 -226.0
567.0 -226.0
566.0000000000001 -227.0
565.0 -229.0
564.0 -231.0
563.0 -232.0
561.0 -235.0
559.0 -237.00000000000003
558.0000000000001 -240.0
557.0 -240.0
552.0 -244.0
552.0 -244.0
552.0 -244.0
552.0 -244.0
552.0 -244.0
553.0 -244.0
553.9999999999999 -243.0
555.0 -242.0
556.0 -241.0
557.0 -238.99999999999997
558.0000000000001 -237.00000000000003
561.0 -235.0
561.9999999999999 -233.0
563.0 -231.0
564.0 -229.0
565.0 -228.00000000000003
565.0 -228.00000000000003
563.0 -229.0
561.9999999999999 -229.0
561.9999999999999 -229.0
561.9999999999999 -229.99999999999997
561.0 -229.99999999999997
561.0 -229.99999999999997
560.0 -229.99999999999997
559.0 -232.0
558.0000000000001 -234.0
555.0 -237.00000000000003
556.0 -237.00000000000003
555.0 -238.99999999999997
555.0 -238.99999999999997
555.0 -238.99999999999997
555.0 -238.99999999999997
555.0 -238.99999999999997
555.0 -238.99999999999997
555.0 -238.99999999999997
556.0 -238.0
557.0 -238.0
558.0000000000001 -236.0
559.0 -234.0
561.0 -233.0
561.0 -231.0
561.9999999999999 -229.99999999999997
561.9999999999999 -229.99999999999997
561.9999999999999 -229.99999999999997
561.9999999999999 -229.99999999999997
561.9999999999999 -229.99999999999997
561.0 -231.0
561.0 -231.0
561.0 -231.0
560.0 -232.0
559.0 -234.0
557.0 -235.0
556.0 -237.00000000000003
555.0 -238.0
553.9999999999999 -240.0
553.9999999999999 -240.0
553.9999999999999 -240.0
553.9999999999999 -240.0
553.9999999999999 -241.0
553.9999999999999 -240.0
555.0 -240.0
558.0000000000001 -237.00000000000003
558.0000000000001 -236.0
559.0 -236.0
560.0 -234.0
561.0 -233.0
561.9999999999999 -231.0
563.0 -229.0
564.0 -227.0
565.0 -227.0
564.0 -227.0
564.0 -227.0
564.0 -227.0
564.0 -227.0
563.0 -227.0
292.0 -335.00000000000006
292.0 -335.00000000000006
292.0 -335.00000000000006
291.00000000000006 -335.00000000000006
287.00000000000006 -334.0
284.99999999999994 -334.0
284.0 -333.0
276.99999999999994 -332.0
268.0 -329.99999999999994
263.0 -329.0
263.0 -329.0
271.0 -331.0
276.0 -332.0
286.0 -334.0
288.99999999999994 -335.00000000000006
291.00000000000006 -335.00000000000006
288.99999999999994 -334.0
282.0 -333.0
284.0 -333.0
276.0 -332.0
267.0 -329.99999999999994
266.0 -329.99999999999994
265.0 -329.99999999999994
272.0 -331.0
276.99999999999994 -332.0
276.99999999999994 -332.0
287.00000000000006 -334.0
288.99999999999994 -335.00000000000006
290.0 -335.00000000000006
288.99999999999994 -334.0
283.00000000000006 -334.0
284.99999999999994 -333.0
276.99999999999994 -332.0
269.0 -331.0
266.0 -329.99999999999994
265.0 -329.99999999999994
272.99999999999994 -331.0
276.0 -332.0
286.0 -334.0
291.00000000000006 -335.00000000000006
292.0 -335.00000000000006
290.0 -334.0
284.0 -333.0
284.0 -333.0
276.99999999999994 -332.0
270.0 -331.0
268.0 -329.99999999999994
268.0 -329.99999999999994
274.0 -331.0
275.00000000000006 -332.0
284.0 -333.0
290.0 -335.00000000000006
292.99999999999994 -335.00000000000006
292.0 -335.00000000000006
284.99999999999994 -334.0
284.0 -333.0
275.00000000000006 -332.0
267.0 -329.99999999999994
267.0 -329.99999999999994
267.0 -329.99999999999994
275.00000000000006 -332.0
271.0 -331.0
271.0 -331.0
274.0 -332.0
280.99999999999994 -333.0
287.00000000000006 -334.0
288.99999999999994 -334.0
288.0 -334.0
284.0 -333.0
276.99999999999994 -332.0
268.0 -331.0
265.0 -329.99999999999994
266.0 -329.99999999999994
276.0 -332.0
278.0 -332.0
287.00000000000006 -334.0
290.0 -335.00000000000006
288.99999999999994 -335.00000000000006
284.99999999999994 -334.0
276.99999999999994 -332.0
272.99999999999994 -331.0
272.0 -331.0
272.99999999999994 -331.0
284.0 -333.0
287.00000000000006 -334.0
287.00000000000006 -334.0
280.0 -332.0
270.0 -331.0
268.0 -329.99999999999994
261.0 -328.0
263.0 -329.0
272.99999999999994 -331.0
270.0 -331.0
275.00000000000006 -332.0
280.99999999999994 -333.0
283.00000000000006 -334.0
288.0 -334.0
288.0 -334.0
287.00000000000006 -333.0
280.99999999999994 -333.0
268.0 -331.0
264.0 -329.99999999999994
258.0 -329.0
259.0 -329.0
270.0 -331.0
275.00000000000006 -332.0
283.00000000000006 -333.0
287.00000000000006 -334.0
288.99999999999994 -334.0
288.0 -334.0
284.0 -334.0
280.0 -333.0
269.0 -331.0
266.0 -329.99999999999994
260.0 -328.0
260.0 -328.0
269.0 -331.0
272.99999999999994 -332.0
282.0 -333.0
287.00000000000006 -334.0
288.99999999999994 -335.00000000000006
288.99999999999994 -334.0
284.0 -333.0
284.99999999999994 -333.0
287.00000000000006 -334.0
287.00000000000006 -334.0
286.0 -334.0
280.0 -333.0
267.0 -329.99999999999994
263.0 -329.0
259.0 -328.0
261.0 -329.0
271.0 -331.0
275.00000000000006 -332.0
280.99999999999994 -333.0
286.0 -334.0
288.0 -334.0
288.99999999999994 -334.0
286.0 -334.0
280.0 -333.0
275.00000000000006 -331.0
270.0 -331.0
266.0 -329.99999999999994
267.0 -329.99999999999994
276.0 -332.0
282.0 -333.0
288.0 -334.0
291.00000000000006 -335.00000000000006
290.0 -334.0
284.99999999999994 -333.0
279.00000000000006 -333.0
268.0 -329.99999999999994
266.0 -329.99999999999994
262.0 -329.0
262.0 -329.0
270.0 -331.0
274.0 -332.0
283.00000000000006 -333.0
287.00000000000006 -334.0
291.00000000000006 -335.00000000000006
290.0 -334.0
286.0 -333.0
279.00000000000006 -332.0
269.0 -329.99999999999994
266.0 -329.99999999999994
261.0 -329.0
255.0 -327.0
256.0 -328.0
266.0 -329.99999999999994
274.0 -331.0
276.0 -332.0
284.99999999999994 -333.0
288.0 -334.0
290.0 -334.0
288.99999999999994 -334.0
284.99999999999994 -333.0
279.00000000000006 -333.0
282.0 -333.0
280.0 -332.0
269.0 -329.99999999999994
266.0 -329.99999999999994
261.0 -329.0
262.0 -329.0
272.99999999999994 -331.0
275.00000000000006 -332.0
284.0 -333.0
288.99999999999994 -334.0
290.0 -334.0
290.0 -334.0
286.0 -334.0
280.0 -333.0
269.0 -331.0
266.0 -329.99999999999994
261.0 -329.0
262.0 -329.0
271.0 -331.0
275.00000000000006 -332.0
284.0 -333.0
287.00000000000006 -334.0
287.00000000000006 -334.0
283.00000000000006 -333.0
270.0 -331.0
266.0 -329.99999999999994
262.0 -329.0
263.0 -329.0
271.0 -331.0
270.0 -331.0
278.0 -332.0
280.99999999999994 -333.0
286.0 -334.0
284.99999999999994 -334.0
284.0 -333.0
271.0 -331.0
268.0 -329.99999999999994
261.0 -329.0
261.0 -329.0
272.0 -331.0
276.0 -332.0
278.0 -332.0
278.0 -332.0
282.0 -333.0
280.0 -333.0
270.0 -331.0
267.0 -329.99999999999994
264.0 -329.99999999999994
265.0 -329.99999999999994
272.99999999999994 -331.0
276.0 -332.0
282.0 -333.0
286.0 -334.0
291.00000000000006 -335.00000000000006
291.00000000000006 -335.00000000000006
287.00000000000006 -334.0
280.99999999999994 -333.0
269.0 -329.99999999999994
266.0 -329.99999999999994
262.0 -329.0
263.0 -329.0
263.0 -329.0
270.0 -331.0
275.00000000000006 -332.0
282.0 -333.0
280.99999999999994 -333.0
287.00000000000006 -334.0
287.00000000000006 -334.0
280.0 -332.0
270.0 -331.0
266.0 -329.99999999999994
295.00000000000006 -335.00000000000006
296.0 -335.00000000000006
296.0 -335.00000000000006
295.00000000000006 -335.00000000000006
294.0 -335.00000000000006
294.0 -335.00000000000006
294.0 -335.00000000000006
295.00000000000006 -335.00000000000006
294.0 -335.00000000000006
288.99999999999994 -334.0
284.99999999999994 -333.0
279.00000000000006 -332.0
274.0 -331.0
270.0 -329.99999999999994
267.0 -329.0
264.0 -328.0
260.0 -327.0
256.0 -326.00000000000006
250.0 -325.0
246.0 -323.0
243.0 -323.0
240.0 -322.0
241.0 -322.0
241.0 -322.0
241.0 -322.0
242.0 -322.0
243.0 -322.0
241.0 -321.0
239.0 -321.0
237.0 -320.0
233.0 -320.0
230.0 -319.0
228.0 -318.0
226.0 -318.0
223.0 -317.0
220.0 -316.0
215.0 -315.0
212.0 -314.0
209.0 -313.0
203.0 -310.0
201.0 -309.0
197.0 -308.0
197.0 -308.0
191.0 -305.0
190.0 -305.0
191.0 -305.0
191.0 -305.0
192.0 -306.0
192.0 -306.0
192.0 -306.0
189.0 -304.0
184.0 -301.0
179.0 -299.0
174.0 -296.0
172.0 -294.0
169.0 -292.0
168.0 -290.0
166.0 -289.0
164.0 -287.0
162.0 -285.0
161.0 -284.0
160.0 -284.0
158.0 -282.0
159.0 -282.0
159.0 -282.0
159.0 -282.0
157.0 -281.0
154.0 -278.0
152.0 -276.0
150.0 -274.0
147.0 -271.0
147.0 -271.0
143.0 -266.0
141.0 -264.0
141.0 -264.0
138.0 -261.0
138.0 -261.0
138.0 -261.0
138.0 -261.0
128.0 -251.0
128.0 -251.0
128.0 -251.0
128.0 -251.0
128.0 -251.0
128.0 -251.0
128.0 -251.0
128.0 -251.0
128.0 -251.0
128.0 -251.0
128.0 -251.0
128.0 -251.0
128.0 -251.0
128.0 -251.0
128.0 -251.0
128.0 -251.0
128.0 -251.0
128.0 -251.0
128.0 -251.0
128.0 -251.0
128.0 -251.0
128.0 -251.0
128.0 -251.0
128.0 -251.0
128.0 -251.0
128.0 -251.0
128.0 -251.0
128.0 -251.0
128.0 -251.0
128.0 -251.0
128.0 -251.0
128.0 -251.0
128.0 -251.0
128.0 -251.0
128.0 -251.0
128.0 -251.0
128.0 -251.0
128.0 -251.0
128.0 -251.0
128.0 -251.0
128.0 -251.0
128.0 -251.0
135.0 -237.00000000000003
135.0 -237.00000000000003
135.0 -237.00000000000003
135.0 -237.00000000000003
135.0 -237.00000000000003
135.0 -237.00000000000003
135.0 -237.00000000000003
135.0 -237.00000000000003
135.0 -237.00000000000003
135.0 -237.00000000000003
135.0 -237.00000000000003
135.0 -237.00000000000003
135.0 -237.00000000000003
135.0 -237.00000000000003
135.0 -237.00000000000003
135.0 -237.00000000000003
135.0 -237.00000000000003
135.0 -237.00000000000003
135.0 -237.00000000000003
135.0 -237.00000000000003
135.0 -237.00000000000003
135.0 -237.00000000000003
135.0 -237.00000000000003
135.0 -237.00000000000003
135.0 -237.00000000000003
135.0 -237.00000000000003
135.0 -237.00000000000003
135.0 -237.00000000000003
135.0 -237.00000000000003
135.0 -237.00000000000003
135.0 -237.00000000000003
135.0 -237.00000000000003
135.0 -237.00000000000003
135.0 -237.00000000000003
135.0 -237.00000000000003
135.0 -237.00000000000003
135.0 -237.00000000000003
135.0 -237.00000000000003
135.0 -237.00000000000003
135.0 -237.00000000000003
135.0 -237.00000000000003
135.0 -237.00000000000003
135.0 -237.00000000000003
135.0 -237.00000000000003
135.0 -237.00000000000003
135.0 -237.00000000000003
135.0 -237.00000000000003
135.0 -237.00000000000003
135.0 -237.00000000000003
135.0 -237.00000000000003
135.0 -237.00000000000003
135.0 -237.00000000000003
135.0 -237.00000000000003
135.0 -237.00000000000003
135.0 -237.00000000000003
135.0 -237.00000000000003
135.0 -237.00000000000003
135.0 -237.00000000000003
135.0 -237.00000000000003
135.0 -237.00000000000003
135.0 -237.00000000000003
135.0 -237.00000000000003
135.0 -237.00000000000003
135.0 -237.00000000000003
135.0 -237.00000000000003
135.0 -237.00000000000003
135.0 -237.00000000000003
135.0 -237.00000000000003
135.0 -237.00000000000003
135.0 -237.00000000000003
135.0 -237.00000000000003
135.0 -237.00000000000003
135.0 -237.00000000000003
135.0 -237.00000000000003
135.0 -237.00000000000003
135.0 -237.00000000000003
135.0 -237.00000000000003
135.0 -237.00000000000003
135.0 -237.00000000000003
135.0 -237.00000000000003
135.0 -237.00000000000003
135.0 -237.00000000000003
135.0 -237.00000000000003
135.0 -237.00000000000003
135.0 -237.00000000000003
135.0 -237.00000000000003
135.0 -237.00000000000003
135.0 -237.00000000000003
135.0 -237.00000000000003
135.0 -237.00000000000003
135.0 -237.00000000000003
135.0 -237.00000000000003
135.0 -237.00000000000003
135.0 -237.00000000000003
135.0 -237.00000000000003
135.0 -237.00000000000003
135.0 -237.00000000000003
135.0 -237.00000000000003
135.0 -237.00000000000003
135.0 -237.00000000000003
135.0 -237.00000000000003
135.0 -237.00000000000003
135.0 -237.00000000000003
135.0 -237.00000000000003
135.0 -237.00000000000003
135.0 -237.00000000000003
135.0 -237.00000000000003
135.0 -237.00000000000003
135.0 -237.00000000000003
135.0 -237.00000000000003
135.0 -237.00000000000003
135.0 -237.00000000000003
135.0 -237.00000000000003
135.0 -237.00000000000003
135.0 -237.00000000000003
135.0 -237.00000000000003
135.0 -237.00000000000003
135.0 -237.00000000000003
135.0 -237.00000000000003
135.0 -237.00000000000003
135.0 -237.00000000000003
135.0 -237.00000000000003
135.0 -237.00000000000003
135.0 -237.00000000000003
135.0 -237.00000000000003
135.0 -237.00000000000003
135.0 -237.00000000000003
135.0 -237.00000000000003
135.0 -237.00000000000003
135.0 -237.00000000000003
135.0 -237.00000000000003
135.0 -237.00000000000003
135.0 -237.00000000000003
135.0 -237.00000000000003
135.0 -237.00000000000003
135.0 -237.00000000000003
135.0 -237.00000000000003
135.0 -237.00000000000003
135.0 -237.00000000000003
135.0 -237.00000000000003
135.0 -237.00000000000003
135.0 -237.00000000000003
135.0 -237.00000000000003
135.0 -237.00000000000003
135.0 -237.00000000000003
135.0 -237.00000000000003
135.0 -237.00000000000003
135.0 -237.00000000000003
135.0 -237.00000000000003
135.0 -237.00000000000003
135.0 -237.00000000000003
135.0 -237.00000000000003
135.0 -237.00000000000003
135.0 -237.00000000000003
135.0 -237.00000000000003
135.0 -237.00000000000003
135.0 -237.00000000000003
135.0 -237.00000000000003
135.0 -237.00000000000003
135.0 -237.00000000000003
135.0 -237.00000000000003
135.0 -237.00000000000003
135.0 -237.00000000000003
135.0 -237.00000000000003
135.0 -237.00000000000003
135.0 -237.00000000000003
135.0 -237.00000000000003
135.0 -237.00000000000003
135.0 -237.00000000000003
135.0 -237.00000000000003
135.0 -237.00000000000003
135.0 -237.00000000000003
135.0 -237.00000000000003
135.0 -237.00000000000003
135.0 -237.00000000000003
135.0 -237.00000000000003
135.0 -237.00000000000003
135.0 -237.00000000000003
135.0 -237.00000000000003
135.0 -237.00000000000003
304.99999999999994 -336.0
304.0 -336.0
304.0 -336.0
304.0 -336.0
300.0 -335.00000000000006
296.0 -335.00000000000006
295.00000000000006 -335.00000000000006
283.00000000000006 -333.0
274.0 -331.0
274.0 -331.0
272.0 -331.0
272.99999999999994 -331.0
267.0 -329.99999999999994
261.0 -329.0
253.0 -327.0
246.0 -325.0
243.0 -324.0
239.0 -323.0
237.0 -322.0
229.0 -320.0
299.00000000000006 -335.00000000000006
300.99999999999994 -335.00000000000006
306.0 -336.0
310.0 -336.0
316.0 -336.0
315.00000000000006 -336.0
316.0 -336.0
318.0 -336.0
320.0 -336.0
322.0 -336.0
322.0 -336.0
322.0 -336.0
322.0 -335.00000000000006
324.0 -335.00000000000006
327.00000000000006 -335.00000000000006
332.0 -335.00000000000006
335.00000000000006 -335.00000000000006
336.99999999999994 -334.0
338.0 -334.0
340.0 -334.0
343.00000000000006 -333.0
348.0 -333.0
354.0 -332.0
358.0 -331.0
363.00000000000006 -329.99999999999994
363.00000000000006 -329.99999999999994
370.0 -329.0
376.0 -328.0
384.0 -326.00000000000006
387.00000000000006 -326.00000000000006
387.00000000000006 -326.00000000000006
390.0 -326.00000000000006
390.0 -326.00000000000006
392.99999999999994 -325.0
398.0 -325.0
400.0 -325.0
404.0 -324.0
406.0 -324.0
406.0 -324.0
410.0 -323.0
412.99999999999994 -322.0
418.0 -321.0
418.0 -321.0
420.0 -321.0
422.0 -320.0
426.0 -319.0
430.0 -318.0
434.0 -317.0
439.00000000000006 -316.0
440.99999999999994 -315.0
442.0 -314.0
444.0 -313.0
448.0 -312.0
455.00000000000006 -310.0
456.99999999999994 -309.0
456.99999999999994 -309.0
451.00000000000006 -311.0
444.0 -313.0
440.99999999999994 -314.0
436.99999999999994 -315.0
439.00000000000006 -315.0
444.99999999999994 -313.0
444.99999999999994 -313.0
444.0 -313.0
446.0 -313.0
451.00000000000006 -311.0
451.00000000000006 -311.0
452.0 -311.0
444.0 -313.0
440.0 -314.0
435.00000000000006 -316.0
436.0 -316.0
440.0 -315.0
446.0 -313.0
454.0 -310.0
455.00000000000006 -310.0
460.99999999999994 -308.0
456.99999999999994 -309.0
448.0 -312.0
444.99999999999994 -313.0
442.0 -314.0
440.0 -315.0
440.0 -315.0
444.0 -314.0
450.0 -312.0
451.00000000000006 -311.0
462.0 -307.0
460.99999999999994 -308.0
451.00000000000006 -311.0
444.99999999999994 -313.0
439.00000000000006 -315.0
438.0 -315.0
439.00000000000006 -315.0
444.99999999999994 -313.0
452.0 -311.0
452.0 -311.0
458.0 -309.0
456.0 -309.0
448.0 -312.0
446.0 -313.0
442.0 -314.0
440.0 -315.0
439.00000000000006 -315.0
440.99999999999994 -314.0
450.0 -312.0
451.00000000000006 -311.0
460.0 -308.0
459.00000000000006 -308.0
450.0 -311.0
444.99999999999994 -313.0
440.0 -315.0
438.0 -315.0
440.0 -315.0
440.99999999999994 -315.0
440.99999999999994 -314.0
443.00000000000006 -314.0
448.99999999999994 -312.0
450.0 -311.0
459.00000000000006 -309.0
459.00000000000006 -308.0
451.00000000000006 -311.0
444.99999999999994 -313.0
440.0 -314.0
440.0 -314.0
440.0 -315.0
442.0 -314.0
451.00000000000006 -311.0
452.99999999999994 -310.0
458.0 -309.0
456.0 -309.0
447.00000000000006 -312.0
444.99999999999994 -313.0
440.99999999999994 -314.0
439.00000000000006 -315.0
439.00000000000006 -315.0
440.99999999999994 -314.0
448.0 -312.0
450.0 -311.0
459.00000000000006 -308.0
459.00000000000006 -308.0
450.0 -311.0
444.99999999999994 -313.0
444.0 -313.0
444.0 -313.0
444.99999999999994 -313.0
451.00000000000006 -311.0
460.0 -308.0
467.00000000000006 -305.0
464.0 -306.0
456.0 -309.0
446.0 -312.0
444.0 -313.0
440.99999999999994 -314.0
440.99999999999994 -314.0
447.00000000000006 -312.0
450.0 -311.0
456.99999999999994 -309.0
456.99999999999994 -309.0
448.99999999999994 -311.0
444.99999999999994 -313.0
440.0 -314.0
436.99999999999994 -315.0
436.99999999999994 -315.0
440.99999999999994 -314.0
448.99999999999994 -312.0
450.0 -312.0
450.0 -312.0
448.99999999999994 -312.0
446.0 -313.0
442.0 -314.0
440.0 -314.0
440.99999999999994 -314.0
442.0 -314.0
444.0 -313.0
450.0 -311.0
452.0 -311.0
458.0 -309.0
458.0 -309.0
452.0 -310.0
448.0 -311.0
443.00000000000006 -313.0
440.99999999999994 -314.0
438.0 -314.0
439.00000000000006 -314.0
443.00000000000006 -313.0
444.99999999999994 -313.0
450.0 -311.0
448.99999999999994 -311.0
448.99999999999994 -311.0
450.0 -311.0
447.00000000000006 -312.0
446.0 -312.0
443.00000000000006 -312.0
440.99999999999994 -313.0
440.99999999999994 -313.0
444.99999999999994 -312.0
446.0 -312.0
446.0 -312.0
450.0 -310.0
456.0 -308.0
460.0 -306.0
460.99999999999994 -306.0
456.99999999999994 -307.0
454.0 -308.0
448.99999999999994 -309.0
446.0 -310.0
443.00000000000006 -311.0
444.0 -311.0
443.00000000000006 -311.0
444.99999999999994 -310.0
450.0 -309.0
451.00000000000006 -308.0
452.99999999999994 -308.0
452.99999999999994 -308.0
451.00000000000006 -308.0
448.0 -309.0
448.0 -309.0
447.00000000000006 -309.0
443.00000000000006 -310.0
439.00000000000006 -311.0
438.0 -312.0
438.0 -312.0
440.99999999999994 -311.0
444.0 -310.0
448.99999999999994 -309.0
450.0 -309.0
452.99999999999994 -308.0
454.0 -307.0
455.00000000000006 -307.0
454.0 -307.0
450.0 -308.0
446.0 -309.0
443.00000000000006 -310.0
440.99999999999994 -310.0
438.0 -311.0
296.99999999999994 -335.00000000000006
298.0 -335.00000000000006
299.00000000000006 -335.00000000000006
298.0 -335.00000000000006
300.0 -335.00000000000006
304.99999999999994 -335.00000000000006
308.0 -335.00000000000006
314.0 -336.0
320.0 -336.0
326.0 -335.00000000000006
327.00000000000006 -335.00000000000006
332.99999999999994 -335.00000000000006
336.99999999999994 -335.00000000000006
344.0 -335.00000000000006
352.99999999999994 -334.0
356.0 -333.0
359.00000000000006 -333.0
364.0 -333.0
364.0 -332.0
364.99999999999994 -332.0
366.0 -332.0
372.99999999999994 -331.0
379.00000000000006 -329.99999999999994
382.0 -329.99999999999994
388.99999999999994 -328.0
388.99999999999994 -328.0
390.0 -328.0
390.0 -328.0
388.99999999999994 -329.0
388.0 -329.0
387.00000000000006 -329.0
388.0 -329.0
388.99999999999994 -329.0
388.99999999999994 -328.0
388.0 -329.0
388.0 -329.0
387.00000000000006 -329.0
387.00000000000006 -329.0
388.0 -329.0
388.99999999999994 -329.0
380.99999999999994 -329.0
372.0 -329.0
358.0 -329.0
352.99999999999994 -329.0
352.99999999999994 -329.0
362.0 -328.0
368.0 -327.0
372.0 -326.00000000000006
299.00000000000006 -335.00000000000006
299.00000000000006 -335.00000000000006
303.00000000000006 -335.00000000000006
302.0 -335.00000000000006
302.0 -335.00000000000006
303.00000000000006 -335.00000000000006
306.0 -335.00000000000006
308.99999999999994 -335.00000000000006
312.99999999999994 -335.00000000000006
316.0 -335.00000000000006
319.00000000000006 -334.0
324.0 -334.0
328.0 -334.0
332.0 -334.0
336.0 -333.0
340.0 -333.0
344.0 -332.0
352.0 -331.0
358.0 -329.99999999999994
364.0 -329.0
364.0 -329.0
364.0 -329.0
363.00000000000006 -329.99999999999994
363.00000000000006 -329.99999999999994
364.0 -329.99999999999994
367.00000000000006 -329.0
368.99999999999994 -329.0
372.0 -329.0
376.0 -329.0
376.99999999999994 -329.0
379.00000000000006 -329.0
383.00000000000006 -328.0
384.99999999999994 -328.0
388.99999999999994 -327.0
392.0 -327.0
394.0 -327.0
398.0 -326.00000000000006
400.0 -325.0
404.0 -325.0
408.0 -324.0
408.0 -324.0
412.0 -323.0
416.0 -322.0
420.99999999999994 -321.0
420.0 -321.0
428.99999999999994 -319.0
432.99999999999994 -317.0
436.0 -316.0
440.0 -315.0
443.00000000000006 -314.0
450.0 -312.0
451.00000000000006 -311.0
459.00000000000006 -308.0
466.0 -305.0
468.99999999999994 -304.0
471.00000000000006 -303.0
478.0 -300.0
480.0 -299.0
487.00000000000006 -296.0
488.99999999999994 -294.0
492.99999999999994 -292.0
500.0 -289.0
504.0 -287.0
507.00000000000006 -285.0
504.0 -286.0
504.99999999999994 -286.0
510.0 -283.0
519.0 -278.0
521.0 -276.0
524.0 -275.0
524.0 -275.0
517.0 -278.0
514.0 -280.0
506.0 -284.0
500.99999999999994 -286.0
506.0 -284.0
516.0 -279.0
520.0 -276.0
523.0 -275.0
532.0 -270.0
527.0 -272.0
522.0 -275.0
515.0 -279.0
512.0 -280.0
506.0 -284.0
507.00000000000006 -283.0
515.0 -279.0
518.0 -278.0
518.0 -277.0
519.0 -277.0
519.0 -277.0
511.00000000000006 -281.0
504.0 -285.0
495.00000000000006 -289.0
498.0 -288.0
507.00000000000006 -284.0
517.0 -279.0
520.0 -277.0
523.0 -275.0
530.0 -271.0
525.0 -273.0
519.0 -277.0
513.0 -279.0
510.0 -281.0
504.99999999999994 -284.0
500.0 -287.0
504.99999999999994 -285.0
514.0 -280.0
517.0 -278.0
523.0 -275.0
532.0 -270.0
527.0 -272.0
519.0 -277.0
513.0 -280.0
508.99999999999994 -282.0
503.00000000000006 -285.0
504.99999999999994 -284.0
515.0 -279.0
517.0 -278.0
517.0 -278.0
516.0 -279.0
511.00000000000006 -281.0
503.00000000000006 -285.0
504.99999999999994 -284.0
513.0 -280.0
517.0 -278.0
520.0 -276.0
531.0 -270.0
528.0 -272.0
519.0 -276.0
511.00000000000006 -281.0
510.0 -281.0
502.0 -285.0
504.99999999999994 -284.0
514.0 -280.0
517.0 -278.0
522.0 -276.0
529.0 -271.0
525.0 -273.0
518.0 -277.0
513.0 -280.0
508.99999999999994 -282.0
502.0 -286.0
504.0 -285.0
