0.0
0.0
0.0
0.0
0.0
0.0
0.0
0.0
0.0
0.0
0.0
0.0
0.0
0.0
0.0
0.0
0.0
0.0
0.0
0.0
0.0
0.0
0.0
0.0
0.0
0.0
0.0
0.0
0.0
0.0
0.0
0.0
0.0
0.0
0.0
0.0
0.0
0.0
0.0
0.0
0.0
0.0
0.0
0.0
0.0
0.0
0.0
0.0
0.0
0.0
0.0
0.0
0.0
0.0
0.0
0.0
0.0
0.0
0.0
0.0
0.0
0.0
0.0
0.0
0.0
0.0
0.0
0.0
0.0
0.0
0.0
0.0
0.0
0.0
0.0
0.0
0.0
0.0
0.0
0.0
0.0
0.0
0.0
0.0
0.0
0.0
0.0
0.0
0.0
0.0
0.0
0.0
0.0
0.0
0.0
0.0
0.0
0.0
0.0
0.0
0.0
0.1701886917690973
0.1482809570274855
0.1268027009361464
0.0893851529486132
0.05931155600689894
0.046063910105398724
0.0402392918338715
0.0358599443605404
0.03666587233543396
0.0
0.0
0.0
0.0
0.0
0.0
0.0
0.0
0.0
0.0
0.0
0.0
0.0
0.0
0.0
0.0
0.0
0.0
0.0
0.0
0.0
0.0
0.0
0.0
0.0
0.0
0.0
0.0
0.0
0.0
0.0
0.0
0.0
0.0
0.0
0.0
0.0
0.0
0.0
0.0
0.0
0.0
0.0
0.0
0.0
0.0
0.0
0.0
0.0
0.0
0.0
0.0
0.0
0.0
0.0
0.0
0.0
0.0
0.0
0.0
0.0
0.0
0.0
0.0
0.0
0.0
0.0
0.0
0.0
0.0
0.0
0.0
0.0
0.0
0.0
0.0
0.0
0.0
0.0
0.0
0.0
0.0
0.0
0.0
0.0
0.0
0.0
0.0
0.0
0.0
0.0
0.0
0.0
0.0
0.0
0.0
0.0
0.0
0.0
0.0
0.0
0.21197858254114788
0.14910852504487068
0.10265664238211335
0.06738587382514745
0.04485191000218423
0.03847661549040419
0.03803862549907324
0.03717749938368797
0.03904293469932615
0.04047832681852229
0.039973047247390876
0.03875359596795594
0.037365384977953185
0.037777913928342365
0.037313646519717004
0.038270831148007084
0.038104043150974425
0.038371338691005764
0.04059018814609251
0.03973850505488203
0.03946112350418868
0.03854302611280155
0.039613751768572444
0.038463281001895666
0.04023621412260192
0.03486928216774355
0.03791519890952584
0.03874565082891234
0.03811350763337502
0.03816558499604661
0.038184350155092577
0.03809159828831028
0.038678981067443434
0.0379322606897512
0.03898013825990901
0.03852696911684725
0.034221943467855453
0.0391188593988387
0.038832871701385156
0.03819467324689524
0.03765301582779711
0.03805353259667754
0.04005653490653125
0.039553844388451005
0.04057036257589495
0.040139452437099245
0.040765245870643896
0.04073412829767103
0.04272703668534361
0.04353605273285968
0.044193277933767865
0.043081289687693515
0.041287566245292985
0.039142163248350285
0.041012217111836204
0.03875937542482598
0.037838869721980285
0.0377126787789166
0.04096890545704148
0.039255249665568995
0.0378614068401373
0.04119083746558144
0.04388344784577688
0.03964621137435499
0.03960825295637775
0.04210741869691345
0.0419162007169329
0.0401712947136519
0.039836397284970564
0.04089847112243826
0.042315173255545756
0.04143581195967272
0.04010481999212543
0.0406073909252882
0.04063603893053113
0.03843489824598577
0.03779559055750339
0.03708890454214535
0.0365775709737413
0.037090174059438354
0.03694289537849805
0.03632132321694829
0.03575095917955534
0.035074431029771334
0.03524560123583339
0.03664926598650335
0.0378346525831148
0.037821364188135066
0.03739434869232162
0.03727503747425296
0.03720415757339916
0.0367135363106696
0.035482772817181436
0.03595309893273755
0.03759162856993691
0.037813399875203504
0.038624218387516916
0.03801261385759482
0.037824643208392406
0.03794531388491984
0.03675302664228415
0.037298606260667874
0.03563867474352955
0.03554914059390972
0.03652265222607464
0.03589959245249136
0.03650523845027102
0.03622852739514105
0.03546125437783938
0.03606331071222392
0.0366379287255847
0.03644454582834875
0.035941140234961616
0.03408218103627495
0.03359940492652899
0.03430418036529951
0.0334138038675659
0.033098782714925064
0.034107053097312816
0.033083443905212985
0.03371617521177854
0.033839205699349874
0.033104040949845946
0.03350888922909238
0.034651260748999005
0.03583419806699255
0.035421003260655906
0.03586537081328844
0.03536461256691162
0.0350464858593197
0.03645920141467026
0.03593093467666613
0.034832481798700625
0.03442767806449868
0.034790150821208954
0.034763153738428636
0.034558749948905794
0.03691395753316137
0.03649241825831788
0.03641977154005032
0.03627599664032459
0.03641148579909521
0.03714715207106625
0.036568165935625306
0.03490618054638617
0.03497722965745342
0.03434594334504067
0.03382844760372544
0.03386314724656669
0.03491402608720032
0.03333614413805355
0.033416559105578635
0.03442861664028752
0.03458751300349831
0.03522167846560478
0.03543080204468689
0.036160329120012664
0.03552332521718464
0.03378799920411486
0.03335865345466268
0.03379345677842367
0.03445864050642939
0.03431118976645517
0.03460165063540141
0.034849943879705206
0.03398349042365093
0.034075861364997774
0.03422746103670862
0.03205534806475043
0.03449129305829275
0.034900270414766885
0.03430088593420998
0.032784334362246266
0.03190093210270239
0.03166074598121722
0.034292959824007076
0.03476160484337315
0.034755942195851285
0.03320042456367186
0.033193201011675874
0.03402232837598056
0.03525273525156081
0.03356653384187005
0.03465000806542916
0.034819955314541684
0.03284840381994153
0.03215923936211115
0.033142791431865944
0.03526744468520019
0.034338868870739114
0.03630942505913855
0.037372469926709374
0.035437104656108165
0.03553908439168078
0.035259704592804246
0.03576479755983447
0.034245788000333004
0.03391831522458233
0.04536485995324153
0.0361580600875695
0.035770132705964
0.03293913765387101
0.03465630339816311
0.034548431581684524
0.03388022537657757
0.03882886860396294
0.04549205405337195
0.03025711327791214
0.033310433639990575
0.03464046801557604
0.03525694994590221
0.033817126788198947
0.03333037219546883
0.03300653074524904
0.03203306414042283
0.036585534805592325
0.0325438566505909
0.04416025124299221
0.039075444730011046
0.041526635881999265
0.03653450206268665
0.03894332527988038
0.03878228476969525
0.03807694936527851
0.03717735153160348
0.03855495053707369
0.039091730670582865
0.039827800966453865
0.0377453731931746
0.036159428683194245
0.03729975404904077
0.038403477310048825
0.037016178897403655
0.03821766113764361
0.036718264168155365
0.036416142878513184
0.03701234833392876
0.03576403337976207
0.03733169415500015
0.038140411420867146
0.038651332717448
0.039347690445455635
0.03879221109673381
0.03811296322343186
0.03802185941068147
0.0382927196310056
0.037009887327657684
0.0370998080597808
0.037233990862181314
0.03754465945607779
0.03738980444259202
0.03789293101143758
0.0385197556842834
0.03830103756745859
0.03756792675102911
0.03769883861308856
0.0403467852007085
0.04034561895771532
0.04379298072925072
0.04470723494887352
0.04356988589741931
0.04491509904233825
0.04432636064787706
0.044641479036246226
0.04331142980827401
0.042443584601413335
0.04285305170785813
0.04306371193379164
0.04166508969246296
0.04159796937362643
0.03984217925204171
0.04640908854512068
0.04284011602204367
0.04016310398448382
0.042700481290618576
0.039397754626262264
0.04155227198999449
0.04034728559338494
0.04188469500089718
0.04075555011185984
0.03929926760938783
0.043207231736341056
0.04417997446922672
0.04449945002399533
0.04526026640704136
0.04353887926448475
0.8789705154023423
10.804743069119208
0.6206508646217677
0.613695041307353
0.6944653303023206
0.3986536764249896
0.42219212801744604
0.5683235075596152
0.4224726347289733
0.41583091257423754
0.48582873986848935
0.31824684088790656
0.5639048310369253
0.3516367460718218
0.21254269681244253
0.35090766681839297
0.09968292713165283
0.3279141256992785
0.22180350230920393
0.25311777190558166
0.16833955448653018
0.10050126591956379
0.1135939982602533
0.1777918196671846
0.19152736456583666
0.12230117876847453
0.09745569884875752
0.10646617868976878
0.09773440345727055
0.08430605638303504
0.08460131929015481
0.09776669878833341
0.07660121071022867
0.07136530143783447
0.05628129768351845
0.052212521335147075
0.059116817936794644
0.060305004631051956
0.05503030007840782
0.058898462414346785
0.043391073616036516
0.04690202031284571
0.040839901992252896
0.04914519268501279
0.04646423431915163
0.04882310069357323
0.04713995416728866
0.04818638623846288
0.046881783852316686
0.043772539802339694
0.04346682012870612
0.043306257304371584
0.04290883021046784
0.051225065962960385
0.04611847774181145
0.04161327500019642
0.04152759301494684
0.04095103458458225
0.040067603959646446
0.041750980120512746
0.04012852712281492
0.03823621032007088
0.03759214357281757
0.03776359986299756
0.03841865198403005
0.0397382749873676
0.03786296787246174
0.03554951477174958
0.03446975310906669
0.03373479658108673
0.03238473969530191
0.03314027630582156
0.032430719658239
0.03213004143723589
0.03297403438744561
0.03403144819501615
0.03218189175456565
0.03218866012595742
0.03094856816017075
0.031426138624968666
0.03149065371627444
0.031430879089709936
0.030685984300541095
0.03177330798159043
0.03207175341120224
0.03246132702572851
0.03301057101085486
0.03335564107393587
0.03182038802974271
0.03156277028065693
0.030643246179779635
0.03273551259189844
0.032337208210632504
0.033398879198542494
0.03308122918225717
0.03367164293119055
0.03245465685452881
0.033696038956871094
0.03200337646023327
0.031310506021747224
0.03073108878406073
0.03177545374880234
0.02926961930826405
0.03004029280943981
0.029848309073424496
0.03054992453694738
0.030166872624368943
0.029367683369000225
0.02816580626990227
0.0273361023984208
0.02710113301873207
0.025952595242897405
0.025358695980926223
0.02555800794113067
0.0255294292425083
0.02697240837559795
0.027670449805476807
0.02790241379861849
0.026698194444179535
0.027413153185103185
0.02796789760769203
0.028639321789046785
0.029271913692355156
0.02822921407719453
0.02838746216148138
0.028285419590860963
0.028023814782500267
0.028962687397860502
0.029760261232785832
0.02791199188392896
0.028769103575818585
0.028804492637120337
0.028167962707233745
0.027021401864013923
0.0267110060629071
0.02652941271662712
0.026466112423648117
0.02588500753538498
0.026162430310979583
0.02585146268312302
0.02610930980493625
0.02606632405065543
0.02539339984785642
0.02542408441026874
0.026148620487323828
0.02666238772318415
0.026656716815288493
0.026607752486597747
0.026336269021428972
0.026459465605138944
0.0261229673980285
0.026007485915197442
0.02629090487383879
0.025779614595091895
0.024934848425108076
0.025387743438612546
0.02537562335400205
0.025797753341940066
0.02473431054675421
0.025075915325062953
0.024278025713659102
0.025025948067966677
0.02488486609626107
0.024915567679417053
0.025247707013164134
0.024490014002319205
0.02485625830707171
0.024424780657964534
0.027202626690268517
0.025368170183620704
0.02312266392012437
0.024866698630499524
0.025737638628443346
0.02705818931236095
0.02747362387135513
0.028004639368775664
0.02841020654886961
0.02872797567397356
0.02743280346950759
0.028344502043447746
0.02815391260217752
0.02826910065055288
0.028783298658811494
0.027703919330772184
0.02897650892815448
0.02748245219175784
0.02726538453734558
0.027984829241177067
0.02957872784887718
0.029025917338645634
0.027595515955578197
0.027838582777424365
0.030146440478744884
0.03054356418352648
0.02960408292710781
0.030229066344385117
0.03084674207881714
0.030610955475519102
0.0303451138790007
0.02936884940953444
0.030544490904997515
0.031306380072413986
0.03164128700135559
0.029460878302620737
0.029558201405135067
0.028150027913861717
0.028412494790863316
0.027196147139893462
0.025817081199160645
0.027190673960656518
0.02709651321468764
0.027473242953419685
0.026646886070240412
0.026350828862150774
0.02622727914065715
0.027109902537125627
0.026772003189124018
0.026281856876236714
0.027569616702895094
0.028348427919658605
0.027942413797244332
0.024290074501186608
0.02684323244135488
0.03072787051564021
0.03185082149600059
0.03247610953321138
0.03331098033250957
0.03263189113199316
0.03502305213708517
0.03561408073943577
0.037431083940314934
0.034768088596562545
0.03603691147603341
0.03262680321191715
0.03146637611041796
0.027580222114920616
0.029962553167777347
0.03224470652639866
0.030719820607379572
0.030463103885932635
0.02439230214804411
0.029926255010068417
0.03188423812389374
0.030182739719748497
0.031612082279675845
0.02992962985392043
0.03277093269523011
0.0314957375903398
0.033203516636561875
0.033679440338897894
0.034298524260520935
0.03433146196978771
0.035662142929336255
0.032685764133930206
0.035003939853204005
0.03385933505735178
0.03480617408424813
0.03185751608616074
0.032387624710600894
0.08696815403585402
0.05821454899049685
0.059025608003139496
0.0623653092318111
0.05816152472271035
0.056640803246506
0.055640372836234554
0.0566662018022993
0.055656976349975754
0.05785518716897396
0.056855110861361025
0.051748113176285825
0.0443376771957669
0.04234233491463971
0.04299543405704151
0.04460595881208679
0.048435524680128655
0.060270213252194574
0.06079509965335297
0.0518209801505733
0.04841800971536447
0.047901906134770404
0.04897024948766689
0.05052797814572094
0.05140052010484089
0.04889283765805885
0.04748932632389447
0.04679022462952216
0.04754955904852403
0.04652645051578023
0.04778365356637942
0.04674261314979452
0.046556175939294675
0.045722450013272464
0.04542846883845141
0.04570083899630441
0.04526861732204755
0.04542157475493456
0.04501771477871383
0.045376197301915715
0.04520898085358917
0.0462075418219069
0.04576249124593293
0.045804338282998035
0.045350353770106044
0.04412815821441737
0.04421914400572472
0.0435270599354774
0.04295649039034812
0.043125824878613155
0.043583083749804276
0.04429166779226186
0.0453248881543709
0.045204262835103155
0.04414037839565056
0.04395502189896545
0.045831467684925783
0.04590698107090217
0.04432672843500808
0.04525764445644735
0.04548641059868383
0.04448888986217265
0.0451887997738812
0.04566778093576431
0.045566868714310906
0.04513539583576436
0.0455827782090926
0.04492227270296126
0.046430676188689984
0.04580726168605666
0.04473030623912022
0.04397299394800963
0.04464123105161063
0.04432183672906831
0.04511298034463497
0.044006313536538194
0.04315692989390023
0.04359771931146989
0.04412182178718365
0.04222627124455694
0.041831472419843765
0.04051962618204142
0.03935715921223164
0.039031571172029766
0.039675833583371525
0.041142407954404395
0.040949295183607175
0.040575947661865626
0.04322798722065412
0.04377591446405504
0.04255577763915062
0.0413273809761401
0.04055962681967691
0.03938436029565255
0.038603090293084584
0.03775550959175391
0.03501671079176528
0.03595157700362584
0.03684591078864677
0.03609859458608738
0.03602402027141541
0.03613388947895821
0.03490925743653063
0.0350120576801679
0.034408780513331294
0.03369249574938752
0.033950686171058786
0.03229556224056032
0.03226482632588472
0.03149046521866694
0.03164319090841227
0.032307661749077156
0.03185086876203287
0.03223117600065588
0.032031505004219384
0.03268658995184283
0.03288139795352306
0.03281752060827435
0.03221794666239509
0.032626145254195174
0.03395108475244993
0.035803515858800206
0.03527028296167487
0.03536568291019648
0.035047239703791484
0.03626061882823706
0.03509786873787856
0.03517689117976767
0.03560681717581307
0.034510071987643935
0.03470961212673608
0.036796658712088086
0.03574975688528541
0.033846414705485474
0.033701894635503944
0.033030753437158285
0.03260549069043027
0.03232144909437563
0.03181815825846811
0.03012706502340734
0.031561179197584555
0.03313510571390588
0.031558410221377745
0.03314094679639829
0.034523189894312266
0.03471558208587349
0.033335391262715515
0.032653277900242646
0.03403696029243485
0.03274468967802083
0.032359376091009646
0.034115000189035787
0.032968182838997065
0.03211660076070715
0.0327508578829418
0.03276043139257521
0.03276660070770373
0.03384386148575126
0.03282544752027815
0.03316474160258199
0.033799408275066625
0.03399458895159873
0.032412042730296686
0.034010233653598274
0.03372639308701146
0.03320398085460757
0.03218049658567048
0.033730353405776105
0.03611888081476783
0.03229304557259114
0.031489397689009345
0.03189670991473245
0.03206432473827277
0.03125550348232401
0.0317748806605868
0.03563886139955785
0.03457481530032411
0.03564936709072855
0.03374321779443158
0.03327974836212515
0.03265211526427837
0.03212750836318692
0.03278551446829016
0.03221274142628474
0.030928453245502432
0.03061060346662998
0.03218758535073247
0.031665310214292135
0.030390773424940395
0.031221663912400506
0.03064539533567755
0.03284465183584106
0.03296684873419882
0.033184305538959576
0.034697393886744976
0.03302319584698077
0.03296098064702864
0.03344020825989594
0.032974381135492926
0.03275894116912339
0.030662986915558577
0.03206314954906702
0.03262799495942151
0.03309420630681199
0.030706321006480432
0.030787347124354675
0.028945859830012386
0.030519797707554596
0.02995640446512115
0.029193575845550226
0.028774501176069903
0.028174777200679905
0.028942290557832116
0.029500881469012887
0.029382512935542112
0.029044419008967103
0.02901598811149597
0.030131342355161905
0.028971125612294438
0.028756299148628255
0.02982560113467128
0.02969674283749615
0.028733234112428514
0.027971840943350937
0.02888117893444781
0.027251153341716246
0.027874376754172973
0.027952634773793675
0.027839710884684815
0.027952135201321532
0.03169686008583416
0.028921769635862862
0.029018839796548648
0.028203753816173568
0.029159481285621
0.030053081397978677
0.02849565806570432
0.028080353575037017
0.028755020091174453
0.02634810410834701
0.025429953679146355
0.025414425472648727
0.02732447552261874
0.02450950564631563
0.024172329654296238
0.022754738107323647
0.024523283052258194
0.024529097367398785
0.02382541884550985
0.023931807652115823
0.026652697584783006
0.026251860443622835
0.026938271011836483
0.026395362771011347
