0.11199797699783022
1.0814745303281803
2.8916204892672024
2.1238572771186073
0.9152491256480909
1.4171571793494286
0.9367196219308036
1.211976485536588
1.6056856795994923
1.9626682115637737
0.9671441324499269
0.8207271651716421
1.2264127731323242
1.5681038945913315
1.3763892499706414
0.678616627952121
3.2578846974806352
1.0472219520144992
1.2381093612569847
3.4734611858595286
1.1315803150478885
0.8528110744147901
0.15095265811642275
3.8315612642388595
1.862536796670876
0.8847785659983188
0.8004448587531285
0.5775767667404074
0.7193759524303934
0.7080229335361057
1.3747871948393764
1.3020720712600216
0.9871772282744107
1.256331994615752
0.06020827009188418
1.7077092492817254
0.3369662588005824
-0.20652304579880063
0.9171919178318333
1.3677240712753196
1.339027430048052
0.6113724961186087
1.7715259960719518
0.9782894759618935
0.9195064197887074
0.9036177432898319
3.0921687540018334
2.1151164130659295
1.3997782793912021
1.6588003076153037
4.456289592243376
2.0438202619552612
1.511948711824733
0.8011168049227807
1.6553133914345188
1.4067189823497426
4.7150151125590005
0.6575628742575645
0.14090479604455808
1.53897634405174
2.1132070051657186
1.1301042859917445
4.361656357260311
1.545591586973609
3.9167981755499746
1.3965315364655995
2.638375100710534
0.4340829201881459
0.5320409845422815
1.4067600420768687
1.2863291904626304
0.5634162631255901
0.888507742630808
0.8099414623336286
1.0592622693800768
0.3762593711448821
0.40067151208587043
0.6818082016824887
-0.004548134393249916
2.0267245911604523
0.3237063426845121
3.3734371741086444
2.3028821905453998
2.6533888816833495
0.08249186995803126
0.926497220993042
1.5275078577711092
0.05964969957111687
1.9689752405340022
3.6665937456973765
1.09845623117409
-0.24435483383027135
2.6705981890360513
1.3057281451347547
1.681264375219282
0.8499528104132348
1.2598378483842059
0.9418195667645789
3.7536662101745604
1.2494225876004088
3.48958347198811
1.2288359113641687
1.2884061462000798
1.6592468697091807
0.3398226286401812
0.9043942729368905
1.0506715661003476
1.618230262045133
1.6414325379377959
1.9869470405578613
1.697055001007883
1.7517643899333721
0.0
0.7906574539790879
1.6629543620229557
0.9869923273722331
0.4927441110674119
1.3760918402513922
1.0381938605908527
1.1802770099808684
-1.0177651904276666
0.4130029488873008
1.3020248522285287
0.5913603479499059
0.9328664470192612
0.4689160877505675
0.12737106013771715
1.0168213670616908
-0.832612590284537
0.5210378627903414
0.2942357821180331
1.0751228932513306
0.9557072468940785
0.5139901369612738
0.7439804345566705
-0.7439209956996489
0.5838145199200965
-0.4070795387835116
0.6859324455261231
0.21202370820455993
2.7171877303926073
-0.44598733510402655
1.8018817200380213
0.8790624062746566
1.1104164060377917
0.40283301966079815
1.1575752046373156
0.756738369038563
0.4798715573090773
1.7621693060948298
1.0064485594136825
0.5318170004333092
1.8771205895783885
1.064705933956121
-0.09019696475654249
0.4239281586238316
0.6172619276488853
1.3520955881535612
1.115490344975958
0.9459735636679542
-1.0819098696803415
1.7045452105288474
-0.9767692357499078
-0.2737080498246957
0.92008376121521
1.4601995808737618
1.1491877844459133
1.1134717063566224
1.3666294027257848
1.2793784016057064
1.8549582277025496
0.6456481320968527
1.7768945157133191
0.8843324610729091
0.23956220197361827
1.4781062517847334
0.6915619799632899
0.7041339369009663
2.134138560295105
2.5452768802642822
0.5570688569356524
1.7312040834237408
1.0621361037753276
1.5629296669593225
-0.7641456537688804
0.9629599475121313
1.0844397477700676
0.7921511763768481
1.973240230257148
2.661988947842572
0.44510287480638516
1.133208990097046
1.2334876881529953
0.11744031053505197
1.3719842165511176
-0.5241403532343984
1.7789262991685133
2.543696199144636
0.9243100178952248
1.1622969741063403
0.4866093989239623
2.2112497530485453
0.4176786096790169
0.6327756130142718
-0.4092538830460302
1.4909688858758836
1.006682708563394
1.212213475183146
0.7967937040013193
1.054303349248621
1.2431040723273095
2.160411739349365
-0.11325705446154866
-1.2509819119181853
0.40491150388654495
1.636408805847168
1.4929943589974712
0.3392478661821378
0.0
0.813572747366769
1.4850505660561955
2.077159597384219
1.0464154268732133
1.341030396264175
1.6686629156271617
0.9376447753400992
1.3450967618397305
1.3603079618997131
1.5368758892190868
1.7797631089013952
1.0430798214792416
1.5669032943169803
1.0392485215113714
1.5565790182707326
1.5912049091779268
0.8493874822344099
0.7687599875710227
0.8232569441890085
0.19757020062413708
0.4976436823409125
1.5459657915380618
1.3325211615175814
1.6249634382740552
1.441349056634036
0.07296879559952692
1.1482768185091334
1.0218800408950706
0.0
0.8035597043321622
0.7573348186055168
0.9713139976097258
1.9145209426121996
3.600926160812378
1.6453607954630038
0.8669443477857981
1.3409322966013524
1.3451473065559438
0.8863110573875983
1.4333735963572627
-1.7353375842239682
1.4822959771892368
2.7364768300737654
1.9620730166403664
1.2901581944219325
1.5291668595067713
1.1659468183454298
0.7290342507297045
-1.2208318978745416
2.56869637966156
1.794245340607383
1.429295404067892
-0.7404749835563811
0.738973027183896
0.6754646301269531
0.8958950387804132
-3.462120288255199
1.1741022666295369
1.278850603446686
0.5814067733208865
1.6756426586824305
1.4967507449063389
0.7535748118445986
1.7176362946629524
1.024688079657144
1.338722870566628
0.8274876778585869
-1.5550878328435562
1.0497823740472856
1.1069867721456566
2.277155257218721
1.5110237247803633
1.0416570499243325
1.6694836332308536
1.0391144436716244
1.7195437854488953
-1.124205652451673
1.3284520092389442
1.9549937844276428
-0.9601350209570878
0.9494505275953684
0.8919004353609952
0.9510138366396064
1.0917994897097152
-0.46134947941003257
1.0746913082552272
-1.9220181427254581
2.173483791730262
1.896287554936693
0.21043296410487247
2.784139134236519
1.6289390759752287
1.4933961124743445
1.3550339650504197
1.4736983650609066
1.0426962659075543
2.002543784135225
1.5043771440619664
2.0031647073461656
1.2918610193871505
1.1971403911549559
1.2620716507979266
1.5476853951163914
0.8075788100034196
0.7973950983403804
0.639486556021583
1.3264743034413318
0.5341773434220073
1.4235166494662945
2.4530955118848787
1.4370558593446845
1.9971347139842475
1.174642409709905
1.7506796950536059
1.1534112873456337
1.141205326610843
-2.4236335596501433
1.4232209191393497
1.8457038102560486
1.376807942295706
1.0729217118774819
1.9366161801399442
1.8612888199942452
0.420669116721248
1.670413212698014
0.516482890046985
0.0
1.2763902723174734
1.1415500325082943
2.830201695296938
1.6749518939426966
1.2025364087178156
1.583479232788086
1.9437546730041504
0.9475971594551541
1.1721539592111347
1.5150273032486439
1.8917970499455534
1.9084259816352895
0.705129493940745
2.177180645682595
1.6225419946618982
-1.0769097220818729
0.08969881203000908
0.5108839249768794
1.280017042160034
2.746360855102539
1.023390021545208
1.2863328739748163
2.185726996289184
2.167438180823075
1.009017792376843
1.7167547143847737
0.18822366512374372
1.3635488282765773
1.58035196463267
1.7492113480201135
1.5532585611406542
1.5245024573724002
4.5432379863880294
1.5009493350982666
-0.33256632918553636
1.0123388467245544
2.17276738968906
0.9084430517152299
2.0129538247751637
-0.10036233560928445
-0.5120368824889329
1.4461668004694672
0.7406310340426615
1.648073775427682
0.9966373759389713
0.5470755116039554
1.7789874225854874
1.2222595696497445
1.5485150387616662
1.4626787152783625
1.4333626481870942
0.96023547570437
-0.24063281507681536
1.337326343485851
0.7922296587205091
1.1068390915725406
1.320436455556099
1.1285528220877743
1.02474483906828
1.4723595120259467
1.4002208141301642
2.062391391167274
0.7793696969747543
1.4827698761562131
0.1858701974350885
1.0668592263531211
1.9509099526838822
2.0153194863275186
2.2475369680495487
1.1967775142745467
1.4802682762903883
1.1968825145434308
0.0
1.1064771090122247
0.443351720342573
2.5583650943560476
2.2525134563446043
1.7799451809055757
1.557729587220309
1.0300200193831064
-0.05446741280966247
0.0
7.783085929022895
1.3464741264747468
2.1823764303456183
2.401538981947788
2.035262657424151
0.524218000471592
0.48456378693276264
4.862764737463944
1.3414264420010396
1.948345830363612
-1.802623232468864
1.695326008796692
1.616894548589533
1.6578882995404696
1.2394832980553836
2.8207132867042053
1.972924945228978
2.7022597478783648
1.811049538273965
1.9527351650970661
2.6522556595180347
-0.046376872807741165
1.1206486051445765
1.575977397343469
2.855122417598576
2.5866252779960632
1.3547372838370821
0.21539068222045898
1.298097196793714
1.7604810946455627
1.5639160800453842
1.3170268711290862
0.39156074081825104
2.227985502078833
-0.24737584354072217
1.28169884902752
1.16366289586437
1.6552023503088182
1.1551953498890857
1.675851113205656
1.2241159622242908
11.431650752263353
9.177286148071289
1.6073591567033174
1.1478151959299252
1.8359743754069011
1.7429052276172856
1.4559567527265738
0.9897260823786653
1.9934443292163668
2.097553586959839
1.8886802656608714
2.112855690204545
1.8914882342020671
1.75389236670274
1.055818393530435
0.8368890553910211
1.3764750162760417
1.3742787443249431
1.1599344986164017
0.8226330327671885
0.09559566295699568
1.2746292550042766
1.460807380297326
-1.3910505597954554
0.6155844334734987
0.1280229612691513
1.610420242840091
3.9591146382418545
83.6410532581885
-0.30829600466797685
0.168709973188547
1.5772673088983196
1.7822015301281253
0.8884874163873938
2.7441807677414243
1.2546280330380066
1.7194337213276238
2.1161915198067165
1.080535500254852
1.7391206033971927
1.5531329441070556
1.6060392398707914
1.403515771170643
0.2917293712792807
-0.1505899429321289
0.16970403620738858
1.2847622782978791
1.1795482414447709
1.793240111214774
0.6807684519433028
1.5513738512203394
2.434344847470719
1.159219110248894
-0.3033882955841671
2.558846047382481
1.2249408968237063
-2.5399564117785323
1.8869541370316056
1.5798011173475657
0.6983437538146973
1.1884218714884576
2.707728862762451
1.1929268331717182
0.7509934539037035
-0.9661851513464719
0.6645813367224687
0.6159262451904499
2.147049190192823
0.7512582011570205
-0.7934119749069214
1.537409021740868
1.4340175224455776
-0.6599339270433843
2.7442802246043225
1.3012536977300582
0.6707842286848864
1.2164418239467192
1.0267902115322896
2.1604825392464138
1.3909823689239704
1.413828014537988
3.768689698730873
0.3164062073688633
1.716218029426423
1.4635391109037084
0.11574765704325493
1.4837403107952598
1.7589133734344153
1.6764420168289285
0.49229818622008065
1.7303716946911338
4.5595119026885635
0.5476647765431183
1.9844789473426263
1.9753902921613478
0.9135869741439819
1.0613924746481789
1.1596142503599458
0.616954159262954
0.838628571554525
1.5229897941185149
1.0432433924138151
1.5916521722907262
1.3147756911271455
1.1602264019037714
2.4179060506504895
1.24453422723227
1.1280067806512537
0.6758709727533606
0.794218710716197
0.8181196978834809
0.5704922676086426
1.5183050616687497
0.6037055340823748
0.8683224482252109
0.8136312598424242
1.738008871773221
2.0352533437028715
0.562569705066302
3.265775542992812
1.3431001798996072
1.2815970269260029
1.7723927290543267
1.651940740496907
3.565283150508486
0.5494010795820627
0.5503145006318756
1.3896847027998704
1.0279708903356892
-0.008436997731526693
1.0601099311121251
3.3060390712409617
-0.07229921517782653
0.6017259825144382
0.9744392828863175
0.5685091271305716
1.0450096746154178
1.1126905924437063
0.5426944391616922
1.0435727147866558
1.321322100051981
1.6131032513033958
1.6312464941416356
0.08969073579800839
1.8489731131799962
1.399179784050823
0.525220513343811
-0.48946252847329164
0.7761384193470936
0.3375079237072673
0.5469069480895996
1.7728355280558268
1.61657212972641
0.41528002899813365
1.366679979407269
1.5497050513959911
0.3891814528711584
-0.06202004506037785
1.2448011897257623
2.52287513530807
0.1402139916325247
1.5247442106537472
1.52795374946089
0.021316037458531997
0.9876377762004893
0.7444427218658245
2.1951124099706183
-0.4769483390781615
2.0667304317156474
1.7283229512094662
1.558463372931575
0.7517241326388934
1.22011958190373
1.5458382834558901
-0.18653536553414451
0.4860703746477763
1.4272016878949096
0.6834139302866349
1.080601703252224
1.148048424562871
1.857079634299645
0.36298310046164406
1.2166047538353117
0.9656407367314724
2.503005121883593
1.0314444548246877
1.5190711542470565
0.8929769771778031
1.573175391843242
-0.020413678213460556
1.578486353401246
0.20647522155812245
1.6373524886882858
0.26596519331268914
1.343256803537836
1.224744624104993
1.2683980464935303
1.7697582497502005
0.9251139163970947
0.6587820258361614
-0.19217373440597232
4.4787650526184395
2.1072960204647897
0.8798681142314381
1.4455984018065713
0.8930991888046265
1.905166682989701
1.3829904723641098
0.6472717184104667
4.860584224296721
2.052465268318227
1.8458538781728175
0.3685589570872831
1.9339567762336984
2.0232393141011245
9.032878085970879
0.8771109596782962
3.9597304147832535
1.3722195979977443
1.4835528080037097
2.609241611910182
5.424300987988908
1.8835226543365964
-0.927563647560726
3.150337969263395
1.7469997877875965
1.7155649114538123
1.5584026440879366
-0.4339447400427812
1.5535373545404692
1.4599991523666886
0.3792047153245534
1.7145027247342197
0.8335466290151836
1.7434855452123679
1.2746845696935591
2.378508198828924
1.5792556203753743
2.2132484897083002
1.0676836296422592
1.7927264346192215
1.9863721866481352
1.4241213182739865
1.351870549435647
1.1263726199699553
0.6760193291089392
2.4669541477286905
0.6610688500056993
0.7672764528666111
1.1700103282928467
6.938669547890171
1.2334731367250151
2.2728057864686133
4.7525162509107215
2.0194651259491776
3.6515709438071347
1.1814858109452004
1.6587825010943886
1.684503514245646
1.5573674360911052
1.149090165334032
0.9724626809555963
0.663430550240523
0.0
1.8323888747107904
0.597235918045044
-0.3560360014833362
1.6066282538957493
2.269463300704956
1.4779775619506836
3.270388934923255
0.9746597776349807
0.5434275999763943
1.0555955621580415
1.367474075974218
1.1329747856847499
3.910225419808697
2.5935607144213098
0.23421624236636693
1.4946490976194673
1.600848458030007
0.03995704650878906
1.5437596538998433
3.1919731627935652
1.3324583713582019
1.6145986879108758
0.6460048741852211
34.19439564951208
2.678820785928945
5.279241879781087
1.7811167769961886
0.12386022814062257
1.128783872585423
1.2903628396672129
1.9213183557285982
2.657268202823141
1.6164687990352808
1.9888395380973816
0.3399403016298812
1.5256268725489939
2.2277861041877105
0.7865837086115451
1.8874583070641322
12.928307448347955
2.3678094694547562
0.20340800443232454
1.9252944134718535
0.7474783777401147
0.3961779818629587
2.4405710839277863
-1.5297614296540518
0.8630330767852581
1.60264478251338
1.4368683415532901
2.60876185057179
1.427644221406234
2.0470228668869725
1.5534209194562294
1.442384064592273
-0.10829063203950591
2.2454070871074996
0.2659552153639906
1.049969530513144
1.4542747170836836
-0.4655481639661287
0.624152420372363
1.7489046028682165
0.8107769410341781
-0.8599474509030778
0.9009993944736506
1.0389122473483055
2.1035225580859658
1.9517759626561946
1.8687947557327595
1.0094343352791488
1.17871317642414
1.2127884070078532
0.9642645539037439
2.1571774190785935
-0.28179774458045204
2.162088174693632
0.35629592431302104
0.5513137992547483
-0.6097334615442137
0.9201143782659872
1.280507899902679
-0.5611029871252199
1.390136857695927
0.41807106472798533
1.3838364257725007
1.6628371065313166
1.3848775950345127
-0.013555790414873339
0.9372839051366642
1.3273278149691494
0.04212714662615037
0.7669310285555606
1.9913968297819429
1.2770073919106792
3.879389002122952
1.9011181443929672
1.581898250327205
0.6417857266419771
1.8472433895464764
2.830879029680471
-0.3193703345115611
1.4115725314780458
1.0855492661330874
0.7757716502574895
1.7690752506256104
-0.6926010570778752
0.6496560526209951
1.9478205804313933
1.6364413102467854
0.35805639683805557
1.2138029245229869
3.0825500197526887
1.7448022422790528
0.8310303514366908
0.87542021037727
1.7508392097144727
1.6419274747371673
0.7126177604624767
1.8602275684589649
4.935535931429326
1.958353090286255
1.3233794266024963
1.627266546513172
1.2271952502774877
0.7245411370929918
2.099339707008261
1.9040098935365677
1.0844295561708361
1.1817989017789727
1.173809283616527
0.12472086236966366
1.8714695982635021
1.3767996718551938
0.9628146523671435
0.4097038728511886
1.4135642414850904
1.7314101664916328
2.2238247726137277
0.331317737698555
1.8549149778505034
1.7851270657998544
2.579706428694899
0.26843052668287265
1.2521028929198814
1.6426314091840326
1.3489872366189957
1.8943296841212682
1.8508946936706017
0.1891609953461791
1.7091524822033004
1.0460034332528019
1.1674976380455573
1.3600374570413798
1.625332775663157
1.571529827370549
2.764273958441652
1.3444586558775469
1.4959381574037058
1.3017981620813837
1.406234049406208
1.4821451105029377
2.354414790868759
0.024761379159838948
0.45129609739543586
0.9394234253081265
-0.7903743034956471
1.278011262022107
1.7970197508412022
1.1232211445317124
2.0106440332551667
0.9379136870238954
3.4833479353923673
0.41046928202928
-0.25988662242889404
0.34209300060661474
2.63162978136981
0.3697392372106085
2.556547956646613
1.3029418557377186
2.0633392665559884
-0.5459165383648399
0.4349354866524817
1.6530830086461756
1.1972499983200173
0.47952958763829917
1.149877859267178
1.282347836584415
2.3956687766195133
2.0241804980160145
-0.5041698355320071
0.6843707719386019
-0.2387118118488236
0.8115375278801318
0.8746968041982083
1.909747482135596
2.396947645126505
-1.602220558962285
-0.16203490363226997
0.3176917035058634
0.744894716474745
-1.4315131902694702
1.243454792641646
-0.43412129847419184
-0.3440459753503863
0.9156708085773796
0.7781735682329595
1.4274458443092195
3.732222843170166
1.4047278831171435
1.0985790862152909
1.6285709797941297
0.4866209677513072
2.2804145159786695
-0.8276300359245957
1.1535590721281948
1.9930043834628481
1.5707317415405722
1.0364598643700809
0.9302965345290991
1.2322522378125726
-0.4405293740973567
2.086003402331928
0.19548660516738892
1.2603118324279785
0.4623579473684955
-0.23320107665283002
0.6378157201981702
2.1375393395376676
0.828773902741489
0.85623355466744
0.09726381933452277
1.6336262241894046
2.182612963859609
1.1841403238031247
1.0141632272707706
-0.2536892748826387
1.7644359275994712
0.7682011751149664
1.3541121135484304
1.3264449834823608
0.7441796561740092
0.8424744479703588
0.9792086793886905
0.7515448994983901
1.2289695929217812
1.8823709415666985
1.4076793525392646
2.9201013076873052
2.4864882826805115
1.2220654374077207
1.6215594252315135
0.40419762971385426
0.08336078036915172
0.7446244268227886
1.3868155147855645
1.0341084003448486
0.6331484207254372
0.3565159854509973
2.283079273653346
0.8101715978407702
1.8601421836196192
0.531700229013203
-0.6759338947321405
-0.2803807969124901
2.0750965401530266
1.1218761513564761
1.3876871021314598
1.744398593902588
1.6299562364816667
0.38490303383757735
0.3735105943995596
0.3107242012023926
-0.28374689777955314
2.154188709874307
1.1730086921856104
0.9782704391226863
