1.2020598835204228
1.2827907407663732
1.2790610125340314
0.9553752954189594
0.8295676333020883
1.2482951072107749
1.2340510024492484
1.3769441572825114
0.4538272267793754
1.5639639786311559
1.3779976315707325
0.7822817278944928
0.6741449223809033
1.5862581427058866
1.2249645115857455
0.8736400980698434
1.0595928107599812
1.3475199850896995
0.9978749784704757
1.0111076729272002
1.236910621325175
1.769181099431268
0.9843672588467598
1.2420419986504483
1.5943826675415038
1.187887984442996
0.82919585378284
1.2941042127837223
0.9908269417285919
0.48347905420687093
0.6801536753773689
1.2481205605748873
1.2335032428878236
1.1629146981239318
0.46076744527693286
0.7544131463623617
1.292789150590766
1.1216333441801005
1.3071290146220813
1.2452344199021657
2.3719444274902344
1.172971143900791
1.0483099153573565
1.2915356074060713
1.082828071019421
1.4996548891067505
0.30577076805962455
1.126667514214149
1.2084448039531708
1.0196185540734677
0.6745724961814652
1.0608903303801775
1.127381467199945
0.9694113450891831
1.139913672944939
0.8669322223374338
0.9509489763350714
0.9696235082064016
1.1174810347812516
0.7425453166166941
0.9530560725774521
0.962442454302086
1.2094320161002023
0.8734335558755058
1.0465075254440308
1.2057054112354915
1.1801405370947848
1.1594426806767781
0.8169792862165541
0.9720386981964111
1.0778359458560036
0.9854340455921523
1.408897022811734
0.9628440600175124
0.8511257868892742
1.1093140560037948
0.9206492516149087
1.2549743761579355
1.165802285526738
1.1139775286632705
0.9164371798547466
1.3535437842585005
1.035590841475711
1.0544095882555333
1.0577312835625239
1.1325636408222255
0.965049484325329
1.1772044860210615
1.0720909592138237
0.850848627941949
1.5382868754558074
0.9892139686531279
0.9533991826077303
0.9669715205828349
0.9956356468579627
0.44824254512786865
1.0204118435410248
1.1442375235697801
0.9592975644001448
0.907544364531835
1.1596219792085536
0.9350462661069983
1.072391273719924
1.0092312378041886
1.1648549312039425
1.044239197616224
1.2137133222000271
0.8749479265773997
0.8830204937193129
0.9928928878572252
0.9666763254370823
0.6707479359797273
0.8116867116519383
1.071346547152545
1.0941513147487107
0.8740341503662892
0.8780167544329608
1.0364545422215616
1.0182659999288695
1.2846086280686515
1.0330870694302499
1.3488115830854936
1.1466748998278664
1.2757408618927002
1.620080868403117
1.219098409016927
1.0290912199020386
1.126596449681048
1.0589636325836183
1.0873293555699861
1.0665016088827672
1.1235483025174693
1.6017900797582807
0.7970939874649048
1.200610615705189
1.1401359432875509
1.1053472946016052
1.1557640731334686
0.8436361267453149
1.1770962590263003
1.2113510417748257
1.2453188002109528
1.2439193245749804
1.2045074303944905
1.0529801845550537
1.5941165004457747
1.3380684961835703
0.7111581563949585
1.0023001313209534
0.9177610125297155
0.958778135916766
1.2582863692579598
1.7386710941791534
1.0736256890244535
0.9147408604621887
0.9385685515403748
1.0127391007638746
1.2014308327978307
1.053934943919279
0.9542240161644785
0.4781223237514496
1.375201793566142
1.1215992113983488
1.0800556198079536
0.9941824464236989
0.9954475060753201
1.5482493506537542
0.9850318479941661
0.9109031350204819
1.1704060353420593
0.8183345119158427
1.0496602076472659
1.1761747896671295
0.9698420004411177
0.9138756272969423
0.9595823287963867
1.231249943071482
0.9840983178880479
1.212680377743461
1.0816111299726698
0.8307824417948723
1.1075207789738972
0.8513856447976211
0.9831819563026888
1.373257634701667
1.125831154676584
1.666981225428374
0.9962346967923115
0.8883276577014847
0.9587522958887035
1.2365148061265547
1.0868102536495938
1.0179321592052777
1.3335526287555695
0.9022804936137768
1.7075950678657084
1.0963544097601199
1.0942463714342852
1.0162104314023799
0.9474305785619296
1.1691663492293585
1.3121902159790495
1.3050636847813923
1.2139421050767025
0.944600126227817
0.9845937379570895
0.8700263220816851
1.2193487266247922
0.9114540130242534
0.8316764520458966
1.2735954603906405
1.128910596864632
1.1780335642397404
0.9639335059318221
1.2531772673130035
0.7630773348715699
0.8597631851832072
1.0947880854169687
1.0076836730362078
0.9855654462875123
0.9499843431658954
1.2508404068648815
0.9493097147618632
0.9595312198319758
1.4843662690512742
1.4859091639518738
1.0587049839379905
1.008413709017385
1.192177802324295
1.275393353568183
1.1021565241473061
0.9827188073690213
1.0160268808741018
1.0444407295435667
1.1435989707708358
1.239407995554406
1.3182935957555417
0.970125104699816
0.8564868768056234
1.1798389014969783
0.9738744605671276
0.8289349361793282
0.8719339519739151
0.8929604180305603
0.8947054800759273
1.9286441802978516
1.4134523981326335
0.9506468008238956
0.9073324957454347
1.1130391359329224
0.9636790436577511
1.397570342929275
0.7708097589443405
1.4424360990524292
1.014812484383583
0.9757216985957081
1.0137329838492655
1.0507456730611575
0.8814898258761356
1.2441215728645894
1.0946320806230818
0.0
0.923576635905946
1.1174605624585212
1.0280475215132967
1.1906276899471617
1.310004349188371
1.0578564028990896
1.3988684713840485
1.4553223119062535
1.1215750329634722
1.3133843464009902
1.017092668382745
1.2219090461730957
0.9898595698326232
1.0953167354973563
0.0
1.0047338450572405
0.9927595622942481
1.0326994959513347
1.3106155097484589
0.9948654228181981
0.8827506034604965
1.2972398783479417
1.0037587448895215
1.084384267980402
1.2396326829712705
1.1782544848928413
1.2054927961848607
1.2141528299876623
1.0578594155520558
1.2766749648486866
1.113818407771122
0.9872201787998002
1.0471724759448657
0.9742218075376569
1.0442660634900316
1.2111285074607476
1.0411155462265014
1.0939512064150714
1.978664183616638
1.352831683225102
1.57944320127802
1.0378964987851806
1.4926291888522119
0.5522528344934637
1.2050010061264038
1.0607441037285084
1.3197039215414375
0.5408756640327879
0.9868751883031838
0.0
1.2714788939090484
1.4158801006605901
0.9306264221668243
1.1181531887428433
1.5625058213869731
1.1128042030334473
1.1274986492685113
1.212936734749099
1.2459353129474484
0.9952057276243045
1.0209374624548606
0.9882168432451645
0.7208917405870225
1.4091530545004483
0.8961522281169891
1.4105204155570583
1.2906282249674854
0.9773519357362116
1.1599122216976971
1.0317116238054682
1.3454467491670088
1.011508874684216
0.9772802254118292
1.3362390577080716
1.3921927875942655
1.2008228681741222
1.2761789640487984
1.3794743367867877
0.8505149996557901
1.0663370684798494
1.0715257307378256
1.0419512074440718
0.92253283556714
1.556046777758105
1.602576106786728
1.3713420565384793
1.0388113472196792
0.9731205820009626
1.0915156426253143
1.5141421191546383
1.3463249603907268
1.2779942206966066
1.2738910278548365
1.18863433407199
1.1161304892915669
1.3604209899902344
1.5238809982935588
1.413954464786024
1.0419696362844977
1.6122503131628036
1.3231656208430251
1.462423197479837
1.0588189995217465
1.0414507147428151
1.2101612665035106
1.5038000130653382
1.1401619317522087
1.0005239662916765
1.2505197276671727
1.0974529504776
1.0757111899881249
0.9904439297589389
1.1062684740339006
0.9314425186469004
1.229171684494725
1.5324685057768455
2.006811720984323
1.302791389135214
1.519316920062952
1.0322307597593483
0.9387610088853002
1.1639058802469793
1.1437045995225297
1.0018894129161593
1.2124194304148357
1.0708104731285408
1.1778453237032036
1.329155789481269
0.9992624029695275
0.775110920270284
1.3294502857959631
1.1588841117918491
0.0
1.044660621219211
1.893330454826355
0.9792240613485238
0.7874651253223419
0.7278855542341868
1.113102054453466
1.16252243400095
1.1454927422783592
1.1485033205577306
0.9978937853380029
1.1117419518273453
1.4577775991879978
1.200369633526441
1.3013680909809313
1.5111844131196162
1.178382292626396
1.2113004960861813
1.2633629153756534
1.071671635268694
1.2040519289286489
1.2016353333318555
1.084482616162395
1.2101940379674692
1.1337019309579615
1.194033051791944
1.0694500075446234
1.4552702563149589
1.470204453576695
0.9669365144345865
1.065823406337267
1.2880051147479277
0.9974316933240549
0.8847009907680679
0.8880569628510342
1.2025544262594647
1.2048358763967242
1.3841392278671265
1.267362544973533
1.2342406564288668
1.2077016786292747
1.4523455407989927
1.4531507919996212
1.0747988562957913
1.156310047926726
1.4474771637665598
1.2751728140789529
1.062081576818489
1.0116820506365651
0.9790811154801967
1.2102039482282556
0.9920914640939568
1.4824764385990712
1.1157739409084977
1.21648104985555
0.8267832663324144
1.3573758687291826
1.0566588623183115
1.4389338703716503
1.4926811335450512
1.2486524613280046
1.0822512319838384
1.0559940593583244
1.334796792931027
1.212668006138135
1.1156002949727208
1.2753010552103927
1.1122997522354126
0.9660832425381275
1.3508359916282422
1.0255865789949894
1.1378435185461333
1.5555583534449557
1.221783276115145
1.17140667689474
1.1868767796493158
1.0074942111968994
1.1104485322447384
0.6726552611690456
1.1520139705612364
1.3140507029063666
1.1383330835537477
1.2197147064041673
1.364810287025926
1.211167534192403
1.3198199851172312
1.2769187644675926
1.1830771717914315
1.1319762753300457
1.0865084779171543
1.0275869614099602
1.2684733373362844
0.9144689792180917
1.235283422237002
1.3382868435647752
1.165444869487012
0.9486289398832471
1.2239382106524248
1.1362875652503208
1.183382391454689
1.3123571222478694
1.1594814165778782
1.485403917453907
1.4540704318455286
1.1596614197752941
1.130084133005712
1.2816733580369215
1.1520578737916618
1.1914409744739531
1.1290445977991277
1.4424062100323765
1.4560001651446024
1.7933004716267953
0.9345536947250366
1.4346885964983986
1.0039873388078477
1.259656662940979
1.0808640564105425
1.4912882447242737
1.23895793512048
0.8991172104717726
1.2261182793549128
1.0852679014205933
1.5844486466908858
0.9767059016512685
1.0042528348810533
1.6441133599127493
1.0474738210320949
1.9107542634010315
1.314184640508249
1.126034326049911
1.1001662566842312
1.1618821755051614
1.2945573080583397
1.4104243707256157
1.4402738645158966
1.3571058238546054
1.3396375102381552
1.0744640034033484
1.6145243574591244
1.0134127059305806
1.70636785030365
1.2678286052141032
0.9616915384928385
1.500788413195971
1.1787829588760028
1.3143219007895544
1.0592566623407251
1.3226870135827498
0.9890424860901091
1.2675170361995698
1.564731240272522
1.3178270688423743
0.9832210149277341
1.051448900861094
1.0157303674065548
1.4694606199556468
1.2167051689965385
1.325049356178001
1.4194805168535605
1.3154096713772527
1.0024132237016443
1.5758195384343465
1.0877496004104614
1.2512084303832636
1.1462393989929787
1.623158774665884
1.8176369888837947
1.0039767304739629
1.3220115130947483
1.5235912501811981
1.2871366774334627
2.0645254453023276
1.4720959874648083
1.1226720102279784
1.153294930091271
1.233518039478975
1.003027365739602
1.381149751799447
0.9361099743324778
0.9877398014068604
1.1778685450553894
1.2394864625400968
1.5053740194108751
1.2847107325892049
1.4112435943550534
1.011851645085916
1.5038355497213511
1.3399017590742845
1.1566232360367263
1.1954372577045276
1.2301485709460134
1.0675317573832326
0.9375056522300994
1.0350522218892972
1.2853997846444447
1.119882391743451
1.0484090615873751
1.0528994223986015
0.692381830776439
1.4627420643101567
1.750532334501093
3.2568352222442627
1.4421441689977106
1.2453341782093048
1.236255316734314
1.1304522776508712
1.0989802921640461
0.8561957670109612
1.1868648659660521
1.4009822458028793
1.534962004575974
1.0399170864625755
1.6830548445383708
2.1255435594698278
0.7682818336920305
1.4927562475204468
1.6225971207022667
0.912949391807693
1.4993570617267065
1.115817740723327
1.2260054051876068
1.279836861292521
1.3332641240089171
1.6728300413147348
1.3290058583377367
1.9764087915420532
1.0918630895943477
1.6860082611745717
1.2633754507700603
1.5817363129721747
1.6442047027831381
1.2659419820858882
1.0910732321055288
1.115344335595925
1.1925065930621082
1.407744131305001
1.1391262191225333
1.0254649845036594
1.7788644527134143
1.6193869631603894
1.0303375959396361
1.2261586248874665
1.360540661318549
1.0633286235341988
1.3928818567232653
1.2191123264244352
1.066419504582882
0.8984901309013367
1.3825990537117268
1.4708694958053858
1.1055405235290527
1.641948483608387
1.7015915278232459
1.217070528710506
1.0763620389885162
1.453257019926862
1.146047016215879
1.809955608844757
1.5464853048324585
1.1494138810739098
1.553105652332306
1.2520128669016866
1.2075288472352204
1.0182527621903743
1.1399765738927985
1.3352990883368032
1.4363306760787964
0.8959693872092063
1.2466563880443573
1.1047501336055923
1.025471048268009
1.4613570700521055
1.6648178020348916
1.2038156578415318
1.1201018862150334
1.520777915418148
1.0332293918883184
1.5561739658218583
1.4352744959649586
1.0609969577441614
0.7799022197723389
1.3157994574970668
1.002345392666015
1.129557263803672
1.6657441281355345
1.2126283867741532
1.4836432027816773
1.3762255679993403
1.6846298774083455
1.5779132843017578
1.1643841036287437
1.5940801416124617
1.4419557319747076
0.8707175125401333
1.759283576981496
1.047876607047187
0.768077058924569
1.2430144042607798
1.4246718562566316
1.1776241873839937
1.2759910830042578
1.8197456644131587
1.001618821512569
1.196304272722315
1.196278993288676
1.4657476971682892
1.2827817214859856
1.3582969542993493
1.1623407889647313
1.3770128867842935
1.1802399692782368
1.523823141168665
0.9654402015693634
1.3393142202804829
1.1303920697721634
1.3771529739553279
1.4766461312770844
1.1535315662622452
1.5135356683235663
0.9601337907323799
1.2817404897589433
1.236953269200496
1.2400354146957397
1.2841401356624893
1.0628367142373347
1.5918058207849177
1.3607382060372255
1.1379633182548432
1.1972519871014267
0.9292656454775069
1.587441297976867
1.3524830182393393
1.2546107560396194
1.165495753288269
1.4048485457897186
1.4292513959937625
1.046251893043518
1.5456719260949354
1.1863352028099265
1.2585100255906583
1.2712036223450969
1.0099260191993409
1.5283651733398438
1.6765905261850682
1.2494066132873785
1.2176002668122115
1.7628410146349953
1.0630007208106051
1.6263863279705957
1.0948773912224636
1.1636907996200934
1.6596610148747761
1.048032073385687
1.3972462912400563
1.6485534364526921
1.1341506658322307
0.9055214524269104
1.4649827122688293
1.3609833552919586
1.58534774184227
1.3582334597905477
0.9089261400072198
1.2246808240662759
0.5800260305404663
1.5965480782768944
1.5568398644847254
1.1584373299344128
1.4134578880560826
1.3691560521543737
1.3444136491528265
1.1811365748781606
1.597165082891782
2.169684410095215
1.4161009403967089
1.0654696761018252
1.2296335015978133
1.0083238311009863
1.6344193600593728
1.2272615987679054
1.3452093604065123
1.1485468687549714
1.103426274075451
1.247031300428854
1.405170887708664
1.1446960862889233
1.0010256618261337
1.0177074375972952
1.347580868308827
1.412458099783423
1.4294305528913225
1.30229761930016
1.7179449081420899
1.616823093531883
1.4236894046718425
1.1367188859868933
1.1995803649681973
1.188023595221014
1.6934541093892064
1.5621219410825131
1.159902630533491
1.1961972434799393
1.9526022842952184
1.4271844890382555
1.804729047876138
1.7172351617079515
1.1287173911144859
1.5964049525882886
1.1152840468191332
1.0718326951776231
1.4916083734968435
0.9752388681684222
1.3266402531643302
1.373546021393096
1.5221751970011037
0.960091565709665
1.6347222924232483
1.0709535479545593
1.0436815358253115
1.5224374564918313
1.5900636155296255
1.1745886491692585
1.4147522653716493
1.4799945496377491
1.2168662667274475
1.079742611908331
1.8644858949324663
1.1311625284977642
1.3889826655387878
1.0571285664747303
1.4256076864574267
1.0079407415304527
1.7039913335644392
1.418466882502779
1.2360720854313647
1.368646312932499
1.0889725076655548
1.059789925813675
1.341196870803833
0.8560022019570873
1.2105905005181452
1.235251311999393
1.2202269677146973
1.6032409948461197
1.1440924956248357
0.8994091749191284
1.559039142396715
1.2818532586097717
1.4742632128975608
1.389923515773955
1.0829234932998262
1.5451615447715177
1.3095297084914312
1.1302001255441947
1.1300726034251818
1.4382491257132552
1.4686747074127198
1.6311411687305994
1.6371275366477247
1.2677325217954574
1.297019115200749
1.191187258809805
1.1847958634881413
1.5201141315121804
1.3903331405138115
1.5403365790843964
1.3479242599927461
1.180696926506392
1.6546831438618321
1.3183339892162218
1.0332564668483044
1.554414456540888
1.27765374077099
1.1858175301931768
1.3073456362186675
1.0657420260497774
1.011700560015986
1.7641256719827652
1.1999851648076123
1.3626742358820372
1.1597122585072237
1.2358752687772114
1.203264684791109
1.637561717341023
1.803568959236145
1.4972226493286365
1.624554255913044
1.7069239995696328
1.0591692506305632
1.043336272239685
1.4463054365581935
1.0341995847652632
0.9246329652502182
1.3587442028569985
1.4887476428096513
1.6476087491374372
1.5746980064681597
1.7195756162915912
1.367701478213428
1.361510173733016
1.1950172083786283
1.496009660038081
1.2851646677906294
1.4082969732062762
1.0886583129564922
1.606604951620102
-0.2612220527403858
1.2019825299897517
1.1632508661642493
0.9571709089070203
1.3424294902034015
1.016630886352632
0.1408042197683418
0.8428454885919731
0.14583996692264223
1.055785207634428
0.6018687598852522
1.1487660194298186
1.0127965999501092
0.7976959867781377
1.887994128878754
0.6628669774627306
1.1619115896681522
1.0968855258478112
0.7298597143246577
0.9334448575973511
0.7501611492990219
0.981736908940708
1.349378244335433
0.0
1.3350429055225326
1.2812903321596731
1.3659218351046245
1.5546232186465625
1.8999734970444409
0.7787483486521292
1.188313438611872
1.2214690220767055
0.9860491287910332
1.233080880314696
1.1296579379301805
1.5963900781446887
1.5684195783403185
1.1966334978739421
1.29838130911033
1.6766483954699392
1.1929596208628253
1.3755137717723847
1.3710759977895426
1.5548571238954703
1.1016192566826049
1.7317028891042885
1.6202730253873119
1.4704719743772185
1.0798899134000142
1.1406451587183066
1.5471868942458316
1.3965546885334639
1.5117094329759186
1.8223537295611936
1.5598489758502914
1.4050632039705913
1.3679668735235164
1.7538261337584233
1.5901642091134016
1.484535908794023
1.3353889943119064
1.7044674832507434
1.3441568874267942
1.7345539687141296
1.6741613490240914
1.6522475547524562
2.1121724524529153
1.7056458039112774
1.4259040521910467
1.6824997344999824
1.4770098236474123
1.3394341891505328
1.5707843845109066
1.4944191173728243
1.4976631103758793
1.6293296894704203
1.6871169368426004
1.655578577518463
1.4465786545741848
1.7458133564527292
1.1783858936621374
1.4837719158214682
1.3968066509026456
1.6256670640862507
2.4978093236566066
1.5690446223242809
1.829687204019007
1.5402864222507553
1.7641317027498526
1.5982559848593794
1.4183787658650389
1.4546860209456436
1.633557154362895
2.34834779116262
1.4746235400082106
1.5432646664015326
1.4181259927295504
1.5876480537302353
1.5704256747348375
1.5605162606950391
1.575927558541298
1.9549659084942606
1.4939628768252187
1.5702066976650089
1.4498765174080344
1.8516189966543737
1.9154058414626407
1.694115208439618
2.010359395547692
1.978802066875169
1.5898924712781553
1.6130034320382958
1.3489995236490286
1.5716675073502073
1.5523600245851918
1.7101959805739553
1.904764892570526
1.6178309159763788
1.5411630514505748
2.002287643124359
0.796045121740535
1.658433920833694
1.608066509335728
2.0279580703148476
1.5487786494579512
1.5990497208713146
1.6248360378333773
1.8085477040286808
1.8370419859411231
1.5218059479952808
2.2136759907007217
1.9574596282940555
1.4742625678171877
1.874272295203342
1.5501773827579393
1.6788045737847863
1.4555996623172227
1.7469844837112731
1.6495570383573834
1.8506844109351481
1.7163316586103097
1.7280024375573573
1.739656260654108
1.4951146437352396
1.7791546568927536
1.5130185190635392
1.7069355852148507
2.398230438688362
2.307850099672937
1.7925793454941525
2.148550268319937
1.3711637258529663
1.4725912500662632
2.7573260035647813
1.5042068568833795
1.4596287664026022
1.9735075235366821
1.221861156133505
1.8771322457438921
1.8477450898918972
1.8860032942987257
1.5117586756132513
1.4503329076265035
1.301085372124949
1.4834789978133307
1.3964706460634868
1.4505060975966246
1.553879769199873
1.9841364053792732
1.8868447542190552
2.209596538301652
1.6977956328751906
2.546173110721618
1.4104261716523494
1.7272293168519224
1.1358581696237837
1.9581937200567696
1.7925320512270073
1.1532744367917378
1.6473892808435449
1.7262234046639675
1.7031724685691743
1.5258600137148246
1.7248821097066203
1.6224249530123525
2.182180512948815
1.5980889338143864
2.212912338621476
1.5724973996796932
1.4560834146462953
2.0566401223341626
1.7458006268396427
1.5581837959023586
2.0131639664866534
1.931705228984356
1.6374240747960915
1.911996982446531
2.1520385504718798
1.7095745181043942
1.7812294366350212
1.3595371099107294
2.0606624476938133
1.7256544660040214
1.4645629791986374
1.6359168614049358
1.632334213332826
2.4175750373369196
1.9712669125309696
1.5547943362201828
1.3403936363311404
1.8728316566383696
2.2365778584078133
1.5261685954791873
1.641881817840485
1.8773364788032623
2.123404201758335
1.8957576480994662
1.690340943114702
1.520615702205234
1.7244267949351557
2.0997057212026498
2.4730224172432584
1.5257893692363391
1.3617991541486338
1.9407296308958197
1.6361347384661793
1.9568690458933513
1.7214410936689948
2.140140984608577
1.5524937226393511
1.5784635752795702
1.3247374424421454
2.367225842042403
1.9446998536586761
1.388575130724812
1.814770085471017
2.1273665960091517
1.6404985032708521
1.5516256207963859
1.7274718455584401
2.399326254021038
1.8213273191831976
1.5010568380355835
2.3043899773601515
1.728772573367409
1.7034865251862177
1.5799987230642858
2.140985037829425
1.8513741303250135
1.7703262506387172
1.6368679801623027
1.4354170983837498
1.3677562193437056
1.7270927182231766
1.5968442603490238
1.5995671478400668
1.641980866037042
1.308905597003001
1.8164724097308884
1.9793066905095027
1.664961412608386
1.5457065148182598
1.7851651389285388
1.9470862646897633
1.5092252445220948
1.627030030427226
1.6176274668173012
1.3625202002850445
1.9932381868362428
1.7606110411336222
2.11183487276632
1.9689775972223993
1.674769214424954
1.5814968751246237
1.4783623778962518
1.7127612620235915
1.7089255796485687
1.7900564162379717
1.8070937138629624
1.4918154401982084
1.1106215914090474
1.582601989308993
1.831373403271831
1.637216237911665
1.5876783522001776
2.0375687777996063
1.3363640397787093
1.640670856156672
2.2517122918391133
1.5281520887200102
1.5597164759122992
1.63786423633773
2.1920071840286255
1.7068222159537199
1.4194182299967832
1.616736957005092
0.8736096322536469
2.1588280428023565
1.9218068602608471
1.9749236007135702
1.2910655720813855
1.8663184096415837
2.3054049830687675
1.7087991693580293
1.4811525696302315
1.7779889613732525
2.0562253421046344
1.9061413694311071
2.0109209031222828
1.6931337203637538
1.68197779826434
2.1852155539144085
2.551729969076208
1.495749231353699
1.6518106674293123
1.674377477501493
1.6305441077486926
2.1075129985809324
1.816099546172402
2.3358702488629466
1.6011026318804675
2.789442604238337
1.6549186644801106
1.815803397224244
1.419902416792783
1.5487847603649731
1.6524056823130149
1.4449730140822274
1.6820207297564502
1.8005821153937107
1.5206711847943615
1.3667367368504622
1.5942489084494542
1.4585245084762573
1.72998893593412
1.6108390316070313
1.8310228329730698
2.133974711505734
2.036002255835623
0.6146026253700256
1.4200203235332782
1.687362559636434
2.135749078366861
1.6965127556447488
1.260183870792389
1.6847538339330794
2.0066914185881615
1.9647080565828725
1.7800546319861161
2.2986333664669933
1.513141183264227
1.4523440023948406
2.3686279462153217
1.4197153676123846
1.9159041600398334
2.062137063944115
1.8542213093237099
1.549293461598848
1.4267855108398753
1.7675782868356416
1.5990973307805902
2.0189088502253196
1.9740743990297671
2.077570715546608
1.4516541462133425
1.9181645181443956
3.0817508697509766
1.658655112280565
1.713053989695363
1.8114895649640208
1.5341114272776337
1.5462671494483948
1.6577854361385107
1.8912872834639116
1.9543704739604812
1.8359557188732523
1.1441006690263749
1.7481936767281765
0.9170183257052773
1.830775313168408
1.623827908901458
1.720607971228086
1.9076427158556486
1.6262630395205373
2.272000229358673
1.9600859324770619
1.7513577834419582
2.3923255657327585
1.6658544136708475
1.7938149421813478
1.8041102506250024
2.1034418805952995
2.3704328385007334
1.526404622299918
1.7419549958164473
1.9497435410817465
1.6043176693745342
1.9073757108939122
1.6959847276625426
1.746852765995193
1.654270477028957
2.297800083955129
1.4690049554247304
1.6115028976919166
1.8949837373650593
1.564865167397427
2.1422044293264326
2.8402414321899414
2.213188319321138
1.488269146780173
1.4382482178182716
1.533661935640418
1.7400180267622747
2.5572555188638755
2.6084617385826263
1.3819915699439311
2.0300098146711076
1.9367461082262871
1.9603132963180543
2.0012682512694715
1.720243511921856
1.9491432102552924
2.442573571205139
2.261913974921542
2.619576748679666
1.9157025928041373
1.6250518111899348
1.7154106944799423
2.1939911711705875
1.7875946332733945
2.2075826082474146
1.6944860642649737
1.6179848738400584
1.8935967727943703
1.7718130373859786
1.6668029439401817
1.488040745543521
2.059617379816567
1.6695448534829276
1.901996401640085
2.2107327725307875
1.857288691627077
1.8614671268311154
1.5456616679827373
1.6517168193224416
1.8900386053940346
2.2491581810423105
1.72278108285821
2.4370420938250663
1.6838732822886053
1.4448470692885549
1.6528543017127297
2.5556217201294436
1.7924890285469146
1.8433801520954478
1.5276421180284356
2.076370226012336
2.0140114865929957
1.8121234090239913
1.9876924355824788
1.7903159752310034
1.5449954475227154
1.884996670650771
1.4947396748101534
1.5257436455008517
1.7912854298177467
1.8842755019427295
2.0181913341794697
2.149291047536994
2.412333554999773
1.6823105717085272
3.1615456263224284
2.2939939498901367
1.956936407374196
1.960584524618202
2.0143553099309304
1.5996963716598147
1.596414990159145
2.1466943216773697
1.6586763205982389
3.1300076704758863
1.7125683756938495
1.4141288500721172
2.052755324045817
1.741181492203414
1.9677299090115672
1.7934717025414881
1.7708093744516373
2.1860878238065995
1.7334102819640322
2.40725971682597
1.7552950149513336
1.6489747007529574
2.3906802770151083
2.0919627802712575
2.300254903990647
2.1233522870323873
1.8904249748941195
2.236591493579703
1.6662682646299263
2.6141703613250855
1.5532140894369646
1.697025744041594
1.6672924063595167
1.3808944672346115
1.797069161536684
1.4003730462147639
1.7601969270592193
1.491322314037996
1.5179129838943481
2.690160810235012
2.8533796787261965
1.8012554906753904
2.8912836488974523
1.7102167715589365
1.8786027857235499
1.3515974870869811
2.1830582732698356
2.386612501752329
1.925975698398879
1.4899269229960892
1.6628653575699643
2.3636231422424316
1.7424994697608795
1.5769919395446776
1.8485814100242706
3.0740014454897713
1.4381051063537598
1.8068559020757675
2.2505879640579223
1.962518103094215
1.7345965374038514
2.078990020599973
2.7473505235487417
1.942392480153979
2.500415282420428
1.4902711073557535
1.857688043428504
2.1001538974898204
2.1736837570314056
2.8113744140264405
2.5894980622876074
1.796557976919062
2.3642809487352467
1.921137535294821
1.8552332586712308
1.692132790883382
1.7319560454661154
1.493797877255608
2.404338091027503
2.1449489990870156
2.1629367421885006
1.5534367332091699
1.7093892705393028
1.878145862709392
2.0532997884598387
1.6804850885161646
1.6667288983309712
1.955890821373981
2.1643484648536235
1.4518804110013521
2.605939098766872
1.992061549425125
1.441668917451586
2.718909142976738
1.9891822670560435
1.6093944396630702
2.45792293548584
1.9501859592354815
2.050287597319659
2.773479958375295
2.5939587677226346
1.7327254925116125
1.9231689560460854
2.028098119629754
1.8067019081115723
1.8577911236371651
2.1033052306908826
2.076814401717413
1.7851450718731519
2.3833407402038573
1.863369067509969
2.216098361545139
2.3609328269958496
1.2239792823791504
2.630823434288822
2.4107531334491488
1.7183244456332993
1.889383619481867
1.8945706156620465
1.6695514261260513
1.9881144728793565
2.7407492332988315
2.5083958611768833
1.5962194298443042
2.5914187197591745
1.7997384042853852
1.722254678606987
2.251731418583491
2.755788906760838
2.382901170339242
1.9187054329988908
2.316270251274109
2.3842497169971466
2.2029115132601613
2.7111595358167375
1.8157515630059178
1.3993415290659124
1.623737615087758
1.7670966515028144
1.90248310470961
1.8178321328656426
1.7454177768106955
1.9373387756347655
1.712988640682631
1.843312837459423
1.7963996852858592
1.7281929184408749
2.297537326812744
2.610192894935608
1.8063149982028537
2.0935707704954414
2.9509218335151672
1.8140057162062762
2.3724818331563573
3.1272919111517794
2.42154724346964
2.3503589936665126
2.3854252994060516
2.312763905038639
2.6054202664283013
2.6223168118794757
1.9480323625275813
1.7596356099345294
2.525872314543951
1.6944402519025301
1.913581781653294
1.5709453104026765
2.027110486790754
1.8974662456247542
2.0390954742560514
2.48445234979902
1.9484862407365169
2.7219490922730545
2.041380846337096
2.5423343558060494
2.1218110550922225
1.7344879025957023
2.230990892862419
2.30493412568019
2.918288128716605
2.4498806655169485
1.6487807818821498
2.1706474508558
2.4420980364084244
1.8612137086251204
1.6009389196123396
1.6818157173247927
1.8546410315278647
2.525539712702974
2.736140023578297
1.8221689880606662
1.946139025973134
2.232192981533888
2.4013521671295166
1.8121232692919784
2.5809044495996725
2.037759934152876
0.0
2.233156783240182
2.1473701428144407
2.1677053264881434
2.340696334838867
2.0362995721526067
2.6141389503813626
1.818039554816026
1.5250188827514648
2.0154732988175166
2.8886122722549743
2.4767723004023234
2.5372417618831
1.8630468650643095
2.4363253473296878
1.9728879422852488
1.8466961681842804
1.8945471566036878
1.567567466620905
2.3375171752686197
2.671597480773926
2.526972152684864
2.1221147378285727
2.591454551333473
2.0579484794288874
2.3907461363015714
2.3947939604101047
1.855071390292559
2.624319404363632
2.609751563623132
2.1275141817578196
1.7784674167633057
1.7220134780957148
1.9658220137579967
2.3884444688928537
3.0864932537078857
2.7441799640655518
2.2517724227905274
2.7306834712173
1.6297025629597852
2.4049446373655083
3.085991214303409
1.9916544709886823
2.350616902112961
1.900583177804947
2.538117761965151
2.3031681899366707
1.6896576634441238
2.423703059172019
2.1446998914082847
2.5362503509597474
2.343340786933899
2.833056572711829
2.4031080092702592
1.9245264720916748
2.3840620788660916
2.658020992432871
0.0
2.4098734117689586
2.2339366432419396
1.7346659932003554
1.5415039857228596
2.0759313652912774
2.6435722357187514
2.01216700827458
2.985183358192444
2.258276025454203
1.733410809144556
2.157151699066162
1.9868919877891997
2.0695708425421464
1.6368998039600462
1.8493983527103743
2.4572240352630614
2.348070706639971
2.2722311227217964
1.905253850238424
2.4260981215371027
2.3386871133531844
2.316986083984375
2.078245173925641
1.873245426858089
1.9081309934457142
2.326675421661801
2.085283330508641
1.9121387665015293
1.6943423244582705
2.6242427307626475
2.3352166484383976
2.125483285297047
2.818146853611387
2.441593106113263
2.017342209815979
1.6980874381692286
3.049199487108633
2.420952518622714
2.073942401192405
1.8466923236846924
1.8667269688678452
2.087799656958807
3.04964996561592
1.8428605466053403
2.424777862116777
1.9427996436754862
2.7496254444122314
1.7141463994979858
2.073783170654479
2.541947066783905
1.8431976318359375
1.751798951348593
2.3124873797098795
2.490550148487091
2.3560821865544175
2.7380128383636473
2.2911134774868307
1.6452267169952393
2.0195923622916725
1.9735572182215178
2.6517515546184476
2.7371607672783638
1.7065040063098131
2.522024397264447
2.5776533641313253
1.694676707620206
2.7418754170922672
2.10884028673172
2.582122904913766
2.172401547431946
3.214908242225647
2.2235273187810725
2.61602775255839
2.0285285786843636
2.625182788880145
2.7263818701108296
2.2607765992482505
2.092415041393704
1.8080480236456213
1.1083840529123943
2.170722076526055
1.5330408765719488
2.1560678482055664
2.2768782468942494
2.4750376506285234
2.806025242805481
1.9327994537353517
2.1097706665555793
2.417386784003331
2.6990707914034524
2.5736086547374724
2.35415404183524
2.2627912918726603
2.254513894810396
2.074553699607393
2.5859920978546143
2.3599734902381897
2.0926893651485443
2.266576267952143
2.0230644666231594
1.9850455312167896
2.3742087212475864
1.850335153249594
2.4602172588447178
2.4479865233103433
1.92543875426054
1.9056467525512575
2.2162175102839394
2.229771501613113
1.8442311412409733
2.4089714203562056
1.9019069584252322
2.0799419747458563
2.592673719352019
2.8785322088944283
2.734138751029968
2.2950355456425595
2.058951840681188
2.8896101384923076
2.610199498195274
2.1574546832304735
1.8936415711247114
2.3045367333624096
2.5192588885625202
2.3744358498117197
5.023341357707977
1.9071112738715277
1.7985572499572915
1.730017664423027
1.953239870071411
2.806453439924452
4.4987360409327914
1.8193616734082956
2.906265268520433
2.034247611698351
2.291184520146933
1.753955872027905
3.0477835178375243
2.1178564142297813
2.578533702967118
1.8379748662312825
1.7679128219406919
3.4395560026168823
2.218452043003506
1.9012009879032454
2.29110952989379
2.2960097193717957
2.111438201243184
3.286263644695282
2.8354740793054756
2.6168027400970457
2.540115159749985
2.8514161109924316
2.9400038871359317
2.394908768790109
2.0005581847258975
3.3400897694028115
2.4734518888384796
3.096891164779663
2.881815547528474
2.556813330289377
2.303538529078166
3.9921462535858154
1.6645372730802255
1.6385373779245325
1.996312034612446
1.5750008424123128
2.891159677505493
2.145022017913952
2.5994651317596436
2.5741984844207764
2.656017743051052
2.1612866009984697
3.037245632291914
