300.99999999999994 -337.0
300.0 -337.0
300.99999999999994 -338.0
304.99999999999994 -338.0
312.99999999999994 -338.0
315.00000000000006 -338.0
318.0 -338.0
324.99999999999994 -338.0
332.0 -338.0
332.99999999999994 -337.0
334.0 -337.0
339.00000000000006 -337.0
344.0 -337.0
347.00000000000006 -337.0
356.99999999999994 -336.0
360.99999999999994 -335.00000000000006
364.99999999999994 -335.00000000000006
364.0 -335.00000000000006
364.0 -335.00000000000006
363.00000000000006 -335.00000000000006
362.0 -335.00000000000006
363.00000000000006 -335.00000000000006
363.00000000000006 -335.00000000000006
363.00000000000006 -335.00000000000006
363.00000000000006 -335.00000000000006
362.0 -335.00000000000006
363.00000000000006 -335.00000000000006
370.0 -334.0
372.99999999999994 -334.0
374.0 -333.0
380.0 -332.0
387.00000000000006 -331.0
392.99999999999994 -329.99999999999994
396.0 -329.0
400.99999999999994 -328.0
403.00000000000006 -328.0
408.0 -327.0
412.0 -326.00000000000006
412.99999999999994 -325.0
418.0 -324.0
424.99999999999994 -322.0
430.0 -321.0
436.99999999999994 -319.0
440.99999999999994 -317.0
444.0 -316.0
448.99999999999994 -315.0
452.99999999999994 -313.0
459.00000000000006 -311.0
460.0 -310.0
468.0 -307.0
476.99999999999994 -303.0
478.0 -303.0
480.0 -301.0
488.99999999999994 -298.0
488.99999999999994 -297.0
496.0 -294.0
499.00000000000006 -293.0
499.00000000000006 -292.0
503.00000000000006 -290.0
508.99999999999994 -287.0
514.0 -284.0
517.0 -282.0
521.0 -280.0
528.0 -275.0
531.0 -273.0
530.0 -274.0
530.0 -274.0
529.0 -274.0
529.0 -274.0
529.0 -274.0
529.0 -274.0
529.0 -274.0
529.0 -274.0
528.0 -274.0
528.0 -275.0
528.0 -275.0
528.0 -275.0
528.0 -275.0
528.0 -275.0
528.0 -275.0
528.0 -275.0
528.0 -275.0
528.0 -275.0
528.0 -275.0
528.0 -274.0
530.0 -273.0
532.0 -272.0
533.0 -270.0
535.0 -269.0
537.0 -267.0
539.0 -265.0
541.0 -263.0
543.0 -261.0
545.0 -259.0
547.0 -257.0
549.0 -255.00000000000003
551.0 -253.0
551.0 -251.0
550.0000000000001 -251.0
547.0 -252.0
544.0 -253.0
543.0 -254.0
539.0 -256.0
535.0 -258.0
533.0 -259.0
531.0 -261.0
529.0 -262.0
526.0 -263.0
523.0 -265.0
522.0 -266.0
523.0 -266.0
522.0 -266.0
524.0 -265.0
526.0 -264.0
529.0 -262.0
530.0 -262.0
534.0 -260.0
533.0 -261.0
533.0 -261.0
531.0 -262.0
529.0 -263.0
526.0 -264.0
523.0 -266.0
524.0 -265.0
525.0 -265.0
529.0 -263.0
531.0 -262.0
534.0 -260.0
534.0 -260.0
531.0 -262.0
528.0 -263.0
526.0 -264.0
523.0 -266.0
521.0 -267.0
522.0 -266.0
523.0 -265.0
525.0 -265.0
525.0 -265.0
529.0 -263.0
530.0 -262.0
534.0 -261.0
534.0 -261.0
530.0 -262.0
528.0 -263.0
525.0 -265.0
522.0 -266.0
520.0 -267.0
521.0 -267.0
523.0 -266.0
525.0 -265.0
529.0 -263.0
530.0 -263.0
534.0 -261.0
534.0 -261.0
530.0 -263.0
528.0 -264.0
525.0 -265.0
522.0 -267.0
523.0 -266.0
524.0 -266.0
525.0 -265.0
525.0 -265.0
528.0 -264.0
529.0 -263.0
533.0 -261.0
535.0 -260.0
535.0 -260.0
532.0 -262.0
530.0 -263.0
527.0 -264.0
525.0 -265.0
522.0 -267.0
523.0 -266.0
525.0 -265.0
528.0 -264.0
529.0 -263.0
533.0 -261.0
535.0 -260.0
535.0 -260.0
532.0 -262.0
530.0 -263.0
529.0 -263.0
527.0 -264.0
525.0 -265.0
522.0 -266.0
523.0 -266.0
523.0 -266.0
524.0 -266.0
528.0 -264.0
530.0 -263.0
534.0 -261.0
535.0 -260.0
535.0 -261.0
531.0 -262.0
529.0 -263.0
529.0 -263.0
530.0 -263.0
527.0 -264.0
525.0 -265.0
522.0 -267.0
522.0 -267.0
524.0 -266.0
528.0 -264.0
530.0 -263.0
533.0 -261.0
535.0 -260.0
535.0 -261.0
531.0 -262.0
530.0 -263.0
528.0 -264.0
525.0 -265.0
522.0 -267.0
522.0 -267.0
524.0 -266.0
528.0 -264.0
529.0 -263.0
533.0 -261.0
535.0 -260.0
535.0 -261.0
531.0 -262.0
529.0 -263.0
527.0 -264.0
525.0 -266.0
524.0 -266.0
522.0 -267.0
525.0 -267.0
526.0 -267.0
531.0 -265.0
530.0 -265.0
530.0 -265.0
530.0 -265.0
530.0 -265.0
530.0 -265.0
531.0 -264.0
531.0 -264.0
531.0 -264.0
532.0 -262.0
534.0 -261.0
536.0 -259.0
535.0 -258.0
538.0 -255.00000000000003
540.0 -252.0
539.0 -252.0
537.0 -252.0
534.0 -253.0
532.0 -254.0
531.0 -255.00000000000003
527.0 -256.0
525.0 -258.0
523.0 -259.0
522.0 -259.0
521.0 -260.0
520.0 -260.0
520.0 -260.0
519.0 -260.0
519.0 -260.0
520.0 -260.0
521.0 -259.0
522.0 -259.0
524.0 -258.0
525.0 -257.0
525.0 -257.0
524.0 -258.0
522.0 -259.0
521.0 -260.0
521.0 -260.0
521.0 -260.0
521.0 -260.0
522.0 -259.0
524.0 -258.0
525.0 -258.0
525.0 -258.0
524.0 -259.0
522.0 -259.0
521.0 -260.0
519.0 -261.0
519.0 -261.0
518.0 -261.0
519.0 -260.0
521.0 -260.0
522.0 -259.0
524.0 -258.0
525.0 -258.0
525.0 -258.0
524.0 -259.0
522.0 -259.0
521.0 -260.0
519.0 -261.0
518.0 -261.0
518.0 -261.0
518.0 -261.0
518.0 -261.0
518.0 -261.0
521.0 -259.0
524.0 -257.0
525.0 -257.0
527.0 -256.0
527.0 -256.0
525.0 -257.0
524.0 -257.0
522.0 -258.0
294.0 -338.0
294.0 -338.0
294.0 -337.0
292.99999999999994 -337.0
292.99999999999994 -337.0
300.0 -338.0
308.0 -338.0
310.0 -338.0
315.00000000000006 -338.0
311.00000000000006 -338.0
310.0 -338.0
311.00000000000006 -338.0
319.00000000000006 -338.0
328.0 -338.0
331.00000000000006 -338.0
332.0 -337.0
334.0 -337.0
339.00000000000006 -336.0
347.00000000000006 -336.0
352.0 -335.00000000000006
358.0 -335.00000000000006
358.0 -335.00000000000006
356.0 -335.00000000000006
354.0 -335.00000000000006
352.99999999999994 -335.00000000000006
355.00000000000006 -335.00000000000006
360.0 -335.00000000000006
362.0 -335.00000000000006
360.99999999999994 -335.00000000000006
360.0 -335.00000000000006
359.00000000000006 -335.00000000000006
359.00000000000006 -335.00000000000006
360.0 -335.00000000000006
360.99999999999994 -335.00000000000006
360.99999999999994 -335.00000000000006
360.0 -335.00000000000006
359.00000000000006 -335.00000000000006
359.00000000000006 -335.00000000000006
362.0 -335.00000000000006
364.99999999999994 -335.00000000000006
368.0 -334.0
370.0 -334.0
372.0 -333.0
374.0 -333.0
376.0 -332.0
380.0 -331.0
383.00000000000006 -331.0
387.00000000000006 -329.0
395.00000000000006 -327.0
400.99999999999994 -326.00000000000006
404.99999999999994 -325.0
404.99999999999994 -325.0
412.99999999999994 -324.0
416.99999999999994 -323.0
416.99999999999994 -323.0
416.99999999999994 -323.0
423.00000000000006 -322.0
427.00000000000006 -321.0
428.99999999999994 -320.0
432.0 -320.0
435.00000000000006 -319.0
438.0 -318.0
442.0 -317.0
444.99999999999994 -315.0
448.0 -314.0
452.0 -313.0
455.00000000000006 -312.0
454.0 -313.0
458.0 -311.0
459.00000000000006 -310.0
468.0 -307.0
476.99999999999994 -303.0
476.99999999999994 -303.0
478.0 -302.0
480.0 -302.0
486.0 -299.0
488.0 -298.0
495.00000000000006 -295.0
495.00000000000006 -294.0
499.00000000000006 -292.0
502.0 -291.0
508.0 -288.0
508.0 -287.0
508.0 -287.0
508.0 -287.0
508.0 -287.0
506.0 -288.0
506.0 -288.0
506.0 -288.0
507.00000000000006 -288.0
507.00000000000006 -288.0
507.00000000000006 -288.0
506.0 -288.0
506.0 -289.0
506.0 -289.0
506.0 -288.0
507.00000000000006 -288.0
507.00000000000006 -288.0
506.0 -288.0
504.99999999999994 -289.0
504.99999999999994 -289.0
506.0 -289.0
506.0 -288.0
506.0 -288.0
506.0 -288.0
504.99999999999994 -289.0
504.99999999999994 -289.0
504.99999999999994 -289.0
506.0 -289.0
506.0 -288.0
506.0 -289.0
504.99999999999994 -289.0
504.0 -289.0
504.0 -289.0
502.0 -290.0
500.99999999999994 -290.0
499.00000000000006 -291.0
488.0 -296.0
296.99999999999994 -337.0
296.99999999999994 -337.0
296.99999999999994 -337.0
296.99999999999994 -337.0
298.0 -338.0
298.0 -338.0
296.99999999999994 -337.0
296.99999999999994 -337.0
295.00000000000006 -337.0
295.00000000000006 -337.0
295.00000000000006 -337.0
288.99999999999994 -336.0
286.0 -335.00000000000006
280.99999999999994 -334.0
275.00000000000006 -333.0
269.0 -332.0
267.0 -332.0
269.0 -332.0
264.0 -331.0
258.0 -329.0
251.0 -328.0
243.0 -325.0
241.0 -325.0
240.0 -325.0
241.0 -325.0
242.0 -325.0
243.0 -325.0
231.0 -322.0
224.0 -319.0
215.0 -315.0
209.0 -313.0
206.0 -312.0
204.0 -311.0
203.0 -310.0
203.0 -310.0
197.0 -307.0
188.0 -303.0
183.0 -300.0
181.0 -298.0
182.0 -299.0
183.0 -299.0
183.0 -299.0
183.0 -299.0
182.0 -298.0
181.0 -298.0
179.0 -297.0
177.0 -296.0
177.0 -296.0
175.0 -296.0
171.0 -294.0
169.0 -293.0
166.0 -292.0
162.0 -290.0
160.0 -289.0
158.0 -288.0
157.0 -288.0
153.0 -286.0
153.0 -286.0
147.0 -283.0
144.0 -281.0
144.0 -281.0
142.0 -280.0
139.0 -278.0
136.0 -277.0
133.0 -275.0
127.0 -271.0
127.0 -271.0
121.0 -267.0
122.0 -267.0
122.0 -267.0
123.0 -268.0
123.0 -268.0
124.0 -268.0
123.0 -268.0
123.0 -268.0
123.0 -268.0
121.0 -266.0
121.0 -266.0
117.0 -263.0
115.0 -261.0
113.0 -258.0
110.0 -256.0
109.0 -254.0
109.0 -254.0
106.0 -250.0
105.0 -249.0
103.0 -247.0
103.0 -247.0
100.0 -242.0
100.0 -242.0
100.0 -242.0
100.0 -242.0
100.0 -242.0
100.0 -242.0
100.0 -242.0
100.0 -242.0
100.0 -242.0
90.0 -227.0
90.0 -227.0
90.0 -227.0
90.0 -227.0
90.0 -227.0
90.0 -227.0
90.0 -227.0
90.0 -227.0
91.0 -227.0
91.0 -227.0
91.0 -227.0
91.0 -228.00000000000003
91.0 -228.00000000000003
91.0 -228.00000000000003
91.0 -228.00000000000003
91.0 -228.00000000000003
91.0 -228.00000000000003
91.0 -228.00000000000003
91.0 -228.00000000000003
91.0 -228.00000000000003
91.0 -228.00000000000003
91.0 -228.00000000000003
91.0 -228.00000000000003
91.0 -228.00000000000003
91.0 -228.00000000000003
91.0 -228.00000000000003
91.0 -228.00000000000003
91.0 -228.00000000000003
91.0 -228.00000000000003
91.0 -228.00000000000003
91.0 -228.00000000000003
91.0 -228.00000000000003
82.0 -210.00000000000003
82.0 -210.00000000000003
82.0 -210.00000000000003
82.0 -210.00000000000003
82.0 -210.00000000000003
82.0 -210.00000000000003
82.0 -210.00000000000003
82.0 -210.00000000000003
82.0 -210.00000000000003
82.0 -210.00000000000003
82.0 -210.00000000000003
82.0 -210.00000000000003
82.0 -210.00000000000003
82.0 -210.00000000000003
82.0 -210.00000000000003
82.0 -210.00000000000003
82.0 -210.00000000000003
82.0 -210.00000000000003
83.0 -210.00000000000003
83.0 -210.00000000000003
83.0 -210.00000000000003
83.0 -210.00000000000003
83.0 -210.00000000000003
83.0 -210.00000000000003
84.0 -210.00000000000003
84.0 -210.00000000000003
84.0 -210.00000000000003
84.0 -210.00000000000003
84.0 -210.00000000000003
83.0 -210.00000000000003
84.0 -210.00000000000003
84.0 -210.00000000000003
84.0 -210.00000000000003
84.0 -210.00000000000003
84.0 -210.00000000000003
84.0 -210.00000000000003
84.0 -210.00000000000003
84.0 -210.00000000000003
84.0 -210.00000000000003
84.0 -210.00000000000003
84.0 -210.00000000000003
84.0 -210.00000000000003
84.0 -210.00000000000003
84.0 -210.00000000000003
86.0 -211.99999999999997
86.0 -211.99999999999997
86.0 -211.99999999999997
86.0 -211.99999999999997
86.0 -211.99999999999997
86.0 -211.99999999999997
86.0 -211.99999999999997
86.0 -211.99999999999997
86.0 -211.99999999999997
86.0 -211.99999999999997
86.0 -211.99999999999997
87.0 -211.99999999999997
87.0 -211.99999999999997
87.0 -211.99999999999997
87.0 -211.99999999999997
87.0 -211.99999999999997
87.0 -211.99999999999997
87.0 -211.99999999999997
87.0 -211.99999999999997
87.0 -211.99999999999997
87.0 -211.99999999999997
87.0 -211.99999999999997
87.0 -211.99999999999997
87.0 -211.99999999999997
87.0 -211.99999999999997
87.0 -211.99999999999997
87.0 -211.99999999999997
87.0 -211.99999999999997
87.0 -211.99999999999997
87.0 -211.99999999999997
87.0 -211.99999999999997
87.0 -211.99999999999997
87.0 -211.99999999999997
87.0 -211.99999999999997
87.0 -211.99999999999997
87.0 -211.99999999999997
87.0 -211.99999999999997
87.0 -211.99999999999997
87.0 -211.99999999999997
87.0 -211.99999999999997
87.0 -211.99999999999997
87.0 -211.99999999999997
87.0 -211.99999999999997
87.0 -211.99999999999997
87.0 -211.99999999999997
87.0 -211.99999999999997
87.0 -211.99999999999997
87.0 -211.99999999999997
87.0 -211.99999999999997
87.0 -213.0
87.0 -213.0
87.0 -213.0
87.0 -213.0
87.0 -213.0
87.0 -213.0
87.0 -213.0
87.0 -213.0
87.0 -213.0
87.0 -213.0
87.0 -213.0
87.0 -213.0
87.0 -213.0
87.0 -213.0
87.0 -213.0
87.0 -213.0
87.0 -213.0
87.0 -213.0
87.0 -213.0
87.0 -213.0
87.0 -213.0
88.0 -214.0
88.0 -214.0
88.0 -214.0
88.0 -214.0
88.0 -214.0
88.0 -214.0
88.0 -214.0
88.0 -214.0
88.0 -214.0
89.0 -214.0
89.0 -214.0
89.0 -214.0
89.0 -214.0
89.0 -214.0
89.0 -214.0
89.0 -214.0
89.0 -214.0
89.0 -214.0
89.0 -214.0
89.0 -214.0
89.0 -215.0
89.0 -215.0
89.0 -214.0
89.0 -215.0
89.0 -214.0
89.0 -214.0
89.0 -215.0
89.0 -215.0
89.0 -215.0
89.0 -215.0
89.0 -215.0
89.0 -215.0
89.0 -215.0
89.0 -215.0
89.0 -215.0
89.0 -215.0
89.0 -215.0
89.0 -215.0
89.0 -215.0
89.0 -215.0
89.0 -215.0
89.0 -215.0
89.0 -215.0
89.0 -215.0
89.0 -215.0
89.0 -215.0
89.0 -215.0
89.0 -215.0
89.0 -215.0
89.0 -215.0
92.0 -217.0
92.0 -217.0
92.0 -217.0
92.0 -217.0
92.0 -217.0
92.0 -217.0
92.0 -217.0
92.0 -217.0
303.00000000000006 -338.99999999999994
303.00000000000006 -338.0
304.0 -338.99999999999994
307.00000000000006 -338.0
314.0 -338.99999999999994
316.0 -338.99999999999994
320.99999999999994 -338.99999999999994
327.00000000000006 -338.99999999999994
332.0 -338.0
332.0 -338.0
340.0 -338.0
344.99999999999994 -338.0
346.0 -337.0
352.0 -337.0
351.00000000000006 -337.0
348.99999999999994 -337.0
348.99999999999994 -337.0
348.99999999999994 -337.0
350.0 -337.0
350.0 -337.0
350.0 -337.0
348.99999999999994 -337.0
348.0 -337.0
351.00000000000006 -337.0
354.0 -337.0
356.99999999999994 -336.0
359.00000000000006 -336.0
360.99999999999994 -335.00000000000006
363.00000000000006 -335.00000000000006
366.0 -334.0
368.99999999999994 -333.0
372.99999999999994 -333.0
376.0 -332.0
378.0 -331.0
380.99999999999994 -331.0
388.99999999999994 -329.0
396.99999999999994 -327.0
404.0 -325.0
408.99999999999994 -324.0
408.99999999999994 -324.0
410.0 -324.0
408.99999999999994 -324.0
411.00000000000006 -324.0
412.0 -324.0
416.99999999999994 -323.0
419.00000000000006 -323.0
423.00000000000006 -322.0
424.0 -322.0
427.00000000000006 -321.0
430.0 -320.0
432.0 -320.0
435.00000000000006 -319.0
432.99999999999994 -320.0
436.0 -319.0
436.99999999999994 -319.0
442.0 -317.0
447.00000000000006 -316.0
448.99999999999994 -315.0
455.00000000000006 -313.0
456.99999999999994 -312.0
462.0 -310.0
462.0 -310.0
463.00000000000006 -310.0
472.0 -306.0
472.99999999999994 -306.0
479.00000000000006 -303.0
480.99999999999994 -302.0
483.00000000000006 -301.0
491.00000000000006 -297.0
492.99999999999994 -296.0
500.0 -293.0
502.0 -291.0
504.99999999999994 -290.0
504.99999999999994 -289.0
504.99999999999994 -289.0
504.99999999999994 -289.0
504.99999999999994 -289.0
504.99999999999994 -290.0
504.0 -290.0
504.0 -290.0
504.0 -290.0
504.0 -290.0
504.0 -290.0
504.0 -290.0
504.0 -290.0
503.00000000000006 -290.0
503.00000000000006 -290.0
503.00000000000006 -290.0
504.0 -290.0
504.0 -290.0
503.00000000000006 -290.0
503.00000000000006 -290.0
503.00000000000006 -290.0
503.00000000000006 -290.0
510.0 -287.0
510.0 -286.0
510.0 -287.0
508.99999999999994 -287.0
508.99999999999994 -287.0
508.99999999999994 -287.0
508.99999999999994 -287.0
508.99999999999994 -287.0
508.99999999999994 -287.0
507.00000000000006 -288.0
504.0 -289.0
500.0 -291.0
496.99999999999994 -292.0
494.0 -293.0
492.0 -293.0
496.0 -292.0
498.0 -290.0
503.00000000000006 -288.0
511.00000000000006 -283.0
514.0 -281.0
514.0 -281.0
514.0 -281.0
513.0 -281.0
513.0 -282.0
504.99999999999994 -285.0
499.00000000000006 -287.0
492.0 -289.0
300.99999999999994 -338.0
300.0 -338.0
299.00000000000006 -338.0
303.00000000000006 -338.0
308.99999999999994 -338.0
312.0 -338.0
315.00000000000006 -338.0
316.99999999999994 -338.0
323.00000000000006 -338.0
326.0 -338.0
334.0 -338.0
339.00000000000006 -338.0
339.00000000000006 -338.0
338.0 -338.0
342.0 -337.0
340.0 -337.0
340.99999999999994 -337.0
343.00000000000006 -337.0
344.0 -337.0
343.00000000000006 -337.0
343.00000000000006 -337.0
344.0 -337.0
347.00000000000006 -337.0
351.00000000000006 -336.0
355.00000000000006 -336.0
356.99999999999994 -335.00000000000006
358.0 -335.00000000000006
358.0 -335.00000000000006
366.0 -333.0
376.0 -332.0
380.0 -331.0
383.00000000000006 -331.0
386.0 -331.0
384.99999999999994 -331.0
388.0 -331.0
392.99999999999994 -329.99999999999994
396.99999999999994 -329.0
403.00000000000006 -328.0
404.99999999999994 -328.0
407.00000000000006 -327.0
410.0 -327.0
411.00000000000006 -326.00000000000006
418.0 -325.0
419.00000000000006 -324.0
426.0 -323.0
428.99999999999994 -322.0
432.99999999999994 -320.0
434.0 -320.0
440.99999999999994 -318.0
300.0 -338.0
299.00000000000006 -338.0
299.00000000000006 -338.0
300.0 -338.0
296.0 -337.0
291.00000000000006 -337.0
290.0 -336.0
279.00000000000006 -335.00000000000006
268.0 -333.0
266.0 -332.0
261.0 -331.0
298.0 -338.0
299.00000000000006 -338.0
300.0 -338.0
303.00000000000006 -338.0
308.0 -338.0
308.0 -338.0
314.0 -338.0
320.99999999999994 -338.0
328.99999999999994 -338.0
330.0 -338.0
328.99999999999994 -338.0
327.00000000000006 -338.0
332.99999999999994 -338.0
339.00000000000006 -337.0
347.00000000000006 -337.0
356.0 -336.0
360.99999999999994 -336.0
362.0 -335.00000000000006
367.00000000000006 -335.00000000000006
370.0 -334.0
379.00000000000006 -333.0
388.0 -332.0
391.00000000000006 -331.0
398.0 -329.0
399.00000000000006 -329.0
404.99999999999994 -328.0
411.00000000000006 -327.0
412.99999999999994 -326.00000000000006
420.0 -324.0
424.0 -323.0
428.99999999999994 -321.0
434.0 -320.0
436.0 -319.0
442.0 -317.0
444.99999999999994 -316.0
450.0 -314.0
452.99999999999994 -313.0
458.0 -311.0
460.0 -311.0
468.99999999999994 -307.0
476.99999999999994 -304.0
476.99999999999994 -304.0
480.0 -302.0
480.0 -302.0
487.00000000000006 -299.0
488.99999999999994 -298.0
490.0 -297.0
496.99999999999994 -294.0
500.0 -292.0
502.0 -291.0
508.99999999999994 -287.0
513.0 -285.0
514.0 -284.0
517.0 -283.0
521.0 -280.0
528.0 -276.0
527.0 -276.0
527.0 -276.0
528.0 -276.0
527.0 -276.0
527.0 -276.0
526.0 -277.0
526.0 -277.0
526.0 -276.0
527.0 -276.0
527.0 -276.0
526.0 -276.0
525.0 -277.0
525.0 -277.0
526.0 -277.0
526.0 -276.0
527.0 -276.0
526.0 -276.0
525.0 -277.0
525.0 -277.0
525.0 -277.0
526.0 -277.0
526.0 -276.0
526.0 -277.0
526.0 -277.0
525.0 -277.0
525.0 -277.0
525.0 -277.0
526.0 -276.0
526.0 -276.0
526.0 -277.0
525.0 -277.0
525.0 -277.0
526.0 -277.0
526.0 -276.0
527.0 -275.0
527.0 -275.0
528.0 -274.0
529.0 -274.0
530.0 -273.0
531.0 -272.0
533.0 -271.0
534.0 -270.0
536.0 -268.0
538.0 -266.0
540.0 -265.0
542.0 -262.0
544.0 -260.0
545.9999999999999 -258.0
548.0 -256.0
549.0 -255.00000000000003
551.0 -252.0
553.0 -250.0
555.0 -247.99999999999997
557.0 -247.0
558.0000000000001 -245.0
559.0 -243.0
561.0 -241.0
561.9999999999999 -238.99999999999997
563.0 -237.00000000000003
565.0 -235.0
566.0000000000001 -234.0
567.0 -232.0
569.0 -229.99999999999997
569.9999999999999 -228.00000000000003
571.0 -226.0
571.0 -226.0
573.0 -223.0
571.0 -220.99999999999997
569.0 -220.99999999999997
569.0 -220.99999999999997
568.0 -220.99999999999997
568.0 -220.99999999999997
567.0 -222.0
567.0 -222.0
566.0000000000001 -223.0
564.0 -226.0
563.0 -228.00000000000003
561.0 -231.0
560.0 -233.0
553.9999999999999 -238.0
553.0 -241.0
553.0 -240.0
553.9999999999999 -240.0
553.9999999999999 -240.0
555.0 -240.0
553.9999999999999 -240.0
553.9999999999999 -240.0
553.9999999999999 -240.0
556.0 -238.0
558.0000000000001 -237.00000000000003
560.0 -234.0
561.0 -233.0
561.9999999999999 -231.0
565.0 -228.00000000000003
567.0 -224.0
569.0 -220.99999999999997
569.0 -220.0
569.0 -220.0
569.0 -220.0
568.0 -220.99999999999997
567.0 -220.99999999999997
566.0000000000001 -223.0
565.0 -224.0
563.0 -225.0
561.9999999999999 -228.00000000000003
295.00000000000006 -338.0
294.0 -338.0
296.0 -338.0
296.0 -338.0
300.0 -338.0
308.0 -338.0
312.0 -338.0
316.0 -338.0
320.99999999999994 -338.0
327.00000000000006 -338.0
328.99999999999994 -338.0
335.00000000000006 -338.0
340.99999999999994 -337.0
346.0 -337.0
352.99999999999994 -336.0
358.0 -336.0
360.99999999999994 -336.0
367.00000000000006 -335.00000000000006
371.00000000000006 -334.0
378.0 -333.0
384.99999999999994 -332.0
388.0 -331.0
396.0 -329.99999999999994
396.99999999999994 -329.0
406.0 -328.0
411.00000000000006 -327.0
412.0 -326.00000000000006
416.99999999999994 -325.0
422.0 -324.0
420.99999999999994 -324.0
420.99999999999994 -324.0
428.0 -322.0
427.00000000000006 -322.0
432.99999999999994 -320.0
438.0 -319.0
440.99999999999994 -317.0
446.0 -316.0
451.00000000000006 -314.0
456.99999999999994 -312.0
458.0 -311.0
464.99999999999994 -308.0
474.0 -305.0
476.99999999999994 -304.0
476.99999999999994 -303.0
486.0 -299.0
487.00000000000006 -299.0
492.99999999999994 -296.0
496.0 -294.0
496.0 -294.0
496.0 -294.0
500.99999999999994 -292.0
507.00000000000006 -288.0
512.0 -285.0
515.0 -284.0
515.0 -283.0
515.0 -284.0
514.0 -284.0
513.0 -284.0
513.0 -284.0
518.0 -282.0
527.0 -276.0
527.0 -276.0
525.0 -277.0
523.0 -278.0
522.0 -279.0
521.0 -279.0
522.0 -279.0
522.0 -278.0
523.0 -278.0
522.0 -278.0
522.0 -279.0
521.0 -279.0
521.0 -279.0
522.0 -278.0
522.0 -278.0
522.0 -278.0
521.0 -279.0
521.0 -279.0
521.0 -279.0
523.0 -278.0
524.0 -278.0
524.0 -277.0
523.0 -278.0
523.0 -278.0
523.0 -278.0
523.0 -278.0
524.0 -278.0
524.0 -277.0
523.0 -278.0
523.0 -278.0
523.0 -278.0
527.0 -276.0
527.0 -276.0
527.0 -276.0
526.0 -276.0
526.0 -277.0
525.0 -277.0
525.0 -277.0
526.0 -276.0
526.0 -276.0
526.0 -276.0
526.0 -276.0
525.0 -277.0
525.0 -277.0
526.0 -276.0
526.0 -276.0
526.0 -276.0
526.0 -276.0
525.0 -277.0
525.0 -277.0
526.0 -276.0
526.0 -276.0
526.0 -276.0
526.0 -276.0
526.0 -276.0
527.0 -275.0
529.0 -274.0
531.0 -272.0
534.0 -270.0
536.0 -268.0
538.0 -267.0
539.0 -265.0
541.0 -263.0
544.0 -261.0
547.0 -258.0
548.0 -256.0
550.0000000000001 -255.00000000000003
552.0 -253.0
553.9999999999999 -251.0
555.0 -249.0
557.0 -247.0
559.0 -244.0
560.0 -243.0
561.0 -241.0
563.0 -238.99999999999997
564.0 -237.00000000000003
566.0000000000001 -235.0
568.0 -233.0
569.0 -231.0
569.9999999999999 -229.0
571.0 -228.00000000000003
574.0000000000001 -225.0
575.0 -223.0
575.0 -223.0
575.0 -224.0
575.0 -224.0
574.0000000000001 -224.0
574.0000000000001 -224.0
574.0000000000001 -224.0
574.0000000000001 -225.0
573.0 -225.0
571.0 -227.0
569.0 -229.0
568.0 -231.0
567.0 -233.0
566.0000000000001 -235.0
566.0000000000001 -235.0
565.0 -235.0
566.0000000000001 -235.0
566.0000000000001 -235.0
566.0000000000001 -235.0
566.0000000000001 -235.0
566.0000000000001 -235.0
566.0000000000001 -235.0
567.0 -235.0
568.0 -233.0
569.9999999999999 -231.0
571.0 -229.0
572.0 -227.0
573.0 -225.0
574.0000000000001 -225.0
574.0000000000001 -225.0
574.0000000000001 -225.0
574.0000000000001 -224.0
574.0000000000001 -225.0
573.0 -225.0
573.0 -225.0
573.0 -225.0
572.0 -225.0
572.0 -225.0
572.0 -226.0
571.0 -227.0
569.9999999999999 -229.0
568.0 -231.0
567.0 -233.0
566.0000000000001 -234.0
566.0000000000001 -235.0
566.0000000000001 -235.0
565.0 -235.0
566.0000000000001 -235.0
566.0000000000001 -235.0
566.0000000000001 -235.0
566.0000000000001 -235.0
566.0000000000001 -235.0
566.0000000000001 -235.0
567.0 -234.0
568.0 -233.0
569.0 -231.0
569.9999999999999 -229.99999999999997
571.0 -228.00000000000003
573.0 -226.0
574.0000000000001 -224.0
574.0000000000001 -223.0
574.0000000000001 -223.0
571.0 -225.0
569.9999999999999 -225.0
569.0 -226.0
569.0 -226.0
569.0 -226.0
569.0 -226.0
568.0 -227.0
568.0 -227.0
567.0 -227.0
567.0 -227.0
566.0000000000001 -229.99999999999997
564.0 -232.0
561.9999999999999 -235.0
561.0 -237.00000000000003
560.0 -238.0
560.0 -238.0
560.0 -238.0
560.0 -238.0
561.0 -238.0
560.0 -238.0
564.0 -236.0
564.0 -236.0
567.0 -234.0
567.0 -233.0
568.0 -233.0
569.0 -231.0
569.0 -231.0
569.9999999999999 -229.99999999999997
571.0 -228.00000000000003
573.0 -226.0
574.0000000000001 -224.0
575.0 -222.0
575.0 -222.0
575.0 -222.0
575.0 -222.0
574.0000000000001 -223.0
574.0000000000001 -223.0
573.0 -223.0
572.0 -224.0
571.0 -225.0
569.9999999999999 -227.0
569.0 -229.0
561.9999999999999 -235.0
561.0 -237.00000000000003
560.0 -238.0
560.0 -238.0
560.0 -238.0
561.0 -238.0
561.0 -238.0
561.0 -238.0
560.0 -238.0
560.0 -238.0
560.0 -238.0
561.0 -238.0
561.9999999999999 -237.00000000000003
563.0 -236.0
563.0 -235.0
565.0 -233.0
566.0000000000001 -231.0
568.0 -229.0
569.0 -227.0
571.0 -224.0
571.0 -225.0
569.9999999999999 -225.0
571.0 -225.0
571.0 -225.0
569.9999999999999 -225.0
569.0 -226.0
568.0 -226.0
568.0 -226.0
568.0 -227.0
566.0000000000001 -229.99999999999997
565.0 -232.0
563.0 -235.0
561.0 -237.00000000000003
561.0 -238.0
561.0 -238.0
561.0 -238.0
561.0 -237.00000000000003
561.9999999999999 -237.00000000000003
561.0 -238.0
561.0 -238.0
561.9999999999999 -237.00000000000003
563.0 -236.0
564.0 -235.0
565.0 -233.0
566.0000000000001 -232.0
568.0 -229.0
569.0 -228.00000000000003
571.0 -225.0
572.0 -223.0
571.0 -223.0
571.0 -224.0
571.0 -224.0
571.0 -223.0
571.0 -224.0
571.0 -224.0
292.0 -338.0
292.99999999999994 -338.0
292.0 -338.0
292.0 -338.0
292.0 -338.0
287.00000000000006 -337.0
283.00000000000006 -336.0
283.00000000000006 -336.0
274.0 -335.00000000000006
276.0 -335.00000000000006
271.0 -334.0
262.0 -333.0
259.0 -332.0
260.0 -332.0
260.0 -332.0
254.0 -331.0
248.0 -329.0
242.0 -328.0
236.0 -326.00000000000006
236.0 -326.00000000000006
230.0 -324.0
226.0 -323.0
223.0 -322.0
215.0 -319.0
211.0 -318.0
206.0 -316.0
197.0 -313.0
195.0 -312.0
191.0 -310.0
185.0 -308.0
181.0 -305.0
176.0 -303.0
174.0 -302.0
174.0 -302.0
175.0 -303.0
175.0 -303.0
176.0 -303.0
176.0 -303.0
175.0 -303.0
175.0 -303.0
176.0 -303.0
176.0 -303.0
177.0 -303.0
177.0 -303.0
177.0 -303.0
176.0 -303.0
176.0 -303.0
177.0 -303.0
177.0 -304.0
177.0 -303.0
177.0 -303.0
176.0 -303.0
176.0 -303.0
176.0 -303.0
176.0 -303.0
176.0 -303.0
174.0 -302.0
171.0 -300.0
168.0 -298.0
166.0 -297.0
164.0 -295.0
159.0 -293.0
154.0 -290.0
147.0 -286.0
140.0 -281.0
137.0 -278.0
135.0 -277.0
134.0 -276.0
131.0 -274.0
128.0 -272.0
127.0 -271.0
120.0 -267.0
118.0 -265.0
115.0 -263.0
111.0 -259.0
109.0 -257.0
105.0 -254.0
105.0 -254.0
100.0 -250.0
100.0 -250.0
101.0 -251.0
102.0 -251.0
102.0 -251.0
102.0 -251.0
102.0 -251.0
102.0 -251.0
102.0 -251.0
102.0 -251.0
103.0 -252.0
103.0 -252.0
103.0 -252.0
103.0 -252.0
100.0 -249.0
97.0 -246.00000000000003
95.0 -244.0
93.0 -242.0
92.0 -240.0
95.0 -241.0
298.0 -338.0
298.0 -338.0
300.0 -338.0
304.0 -338.0
310.0 -338.99999999999994
312.0 -338.99999999999994
311.00000000000006 -338.99999999999994
307.00000000000006 -338.0
307.00000000000006 -338.0
302.0 -338.0
304.99999999999994 -338.0
304.0 -338.0
300.0 -338.0
296.0 -337.0
295.00000000000006 -337.0
292.99999999999994 -337.0
296.0 -337.0
304.99999999999994 -338.0
306.0 -338.0
308.99999999999994 -338.99999999999994
308.0 -338.0
302.0 -338.0
296.99999999999994 -337.0
296.0 -337.0
287.00000000000006 -336.0
291.00000000000006 -336.0
298.0 -337.0
303.00000000000006 -338.0
303.00000000000006 -338.0
302.0 -338.0
303.00000000000006 -338.0
298.0 -337.0
288.99999999999994 -336.0
278.0 -334.0
280.0 -334.0
288.99999999999994 -336.0
298.0 -337.0
304.99999999999994 -338.0
307.00000000000006 -338.0
308.0 -338.0
308.0 -338.0
304.0 -338.0
300.99999999999994 -337.0
303.00000000000006 -338.0
304.0 -338.0
303.00000000000006 -338.0
296.99999999999994 -337.0
296.0 -337.0
286.0 -336.0
290.0 -336.0
292.0 -336.0
306.0 -338.0
304.99999999999994 -338.0
304.99999999999994 -338.0
306.0 -338.0
304.99999999999994 -338.0
300.99999999999994 -338.0
296.99999999999994 -337.0
299.00000000000006 -337.0
298.0 -337.0
298.0 -337.0
299.00000000000006 -337.0
304.99999999999994 -338.0
308.99999999999994 -338.0
308.99999999999994 -338.0
310.0 -338.0
306.0 -337.0
304.0 -337.0
295.00000000000006 -336.0
284.0 -334.0
282.0 -334.0
282.0 -334.0
292.0 -335.00000000000006
296.0 -336.0
307.00000000000006 -337.0
311.00000000000006 -338.0
312.99999999999994 -338.0
312.0 -338.0
312.0 -338.0
304.99999999999994 -337.0
304.99999999999994 -337.0
306.0 -337.0
298.0 -336.0
286.0 -334.0
282.0 -334.0
280.99999999999994 -334.0
291.00000000000006 -335.00000000000006
296.0 -336.0
308.0 -337.0
312.0 -338.0
312.99999999999994 -338.0
311.00000000000006 -338.0
303.00000000000006 -337.0
304.99999999999994 -337.0
296.0 -336.0
286.0 -335.00000000000006
284.99999999999994 -334.0
283.00000000000006 -334.0
290.0 -335.00000000000006
295.00000000000006 -336.0
295.00000000000006 -336.0
312.0 -338.0
314.0 -338.0
314.0 -338.0
312.0 -338.0
306.0 -337.0
306.0 -337.0
306.0 -337.0
299.00000000000006 -336.0
286.0 -335.00000000000006
286.0 -335.00000000000006
284.99999999999994 -334.0
286.0 -334.0
299.00000000000006 -336.0
310.0 -337.0
312.0 -338.0
316.0 -337.0
312.0 -337.0
308.99999999999994 -337.0
302.0 -336.0
291.00000000000006 -335.00000000000006
288.99999999999994 -334.0
282.0 -333.0
282.0 -333.0
290.0 -335.00000000000006
295.00000000000006 -335.00000000000006
307.00000000000006 -337.0
314.0 -337.0
316.0 -337.0
312.99999999999994 -337.0
308.0 -337.0
300.0 -336.0
290.0 -335.00000000000006
290.0 -334.0
290.0 -334.0
291.00000000000006 -334.0
300.0 -335.00000000000006
304.0 -336.0
315.00000000000006 -337.0
315.00000000000006 -337.0
319.00000000000006 -337.0
310.0 -336.0
296.0 -334.0
292.0 -333.0
287.00000000000006 -333.0
290.0 -334.0
292.0 -334.0
292.0 -334.0
300.99999999999994 -335.00000000000006
300.99999999999994 -335.00000000000006
307.00000000000006 -335.00000000000006
307.00000000000006 -335.00000000000006
308.99999999999994 -335.00000000000006
312.0 -335.00000000000006
306.0 -334.0
304.99999999999994 -333.0
298.0 -332.0
292.0 -332.0
288.0 -331.0
290.0 -331.0
300.99999999999994 -333.0
307.00000000000006 -333.0
307.00000000000006 -333.0
311.00000000000006 -334.0
312.99999999999994 -334.0
304.99999999999994 -333.0
296.99999999999994 -332.0
292.0 -331.0
284.99999999999994 -331.0
286.0 -331.0
299.00000000000006 -333.0
308.99999999999994 -333.0
314.0 -334.0
315.00000000000006 -334.0
315.00000000000006 -334.0
311.00000000000006 -333.0
308.99999999999994 -333.0
308.99999999999994 -334.0
306.0 -334.0
295.00000000000006 -333.0
282.0 -332.0
283.00000000000006 -332.0
278.0 -332.0
286.0 -333.0
292.0 -334.0
303.00000000000006 -336.0
304.0 -336.0
311.00000000000006 -337.0
303.00000000000006 -336.0
298.0 -335.00000000000006
292.0 -334.0
288.0 -334.0
291.00000000000006 -334.0
300.99999999999994 -335.00000000000006
303.00000000000006 -336.0
308.99999999999994 -336.0
308.0 -336.0
308.99999999999994 -336.0
299.00000000000006 -335.00000000000006
296.99999999999994 -335.00000000000006
288.0 -333.0
288.0 -333.0
292.0 -334.0
306.0 -335.00000000000006
311.00000000000006 -336.0
316.99999999999994 -336.0
312.99999999999994 -336.0
304.0 -335.00000000000006
300.0 -335.00000000000006
292.0 -334.0
284.99999999999994 -333.0
280.99999999999994 -332.0
283.00000000000006 -332.0
294.0 -334.0
299.00000000000006 -334.0
308.0 -335.00000000000006
311.00000000000006 -336.0
311.00000000000006 -336.0
310.0 -335.00000000000006
303.00000000000006 -334.0
300.99999999999994 -334.0
292.99999999999994 -333.0
288.0 -332.0
290.0 -332.0
292.0 -332.0
307.00000000000006 -333.0
312.99999999999994 -334.0
322.0 -335.00000000000006
320.99999999999994 -335.00000000000006
316.99999999999994 -335.00000000000006
306.0 -334.0
303.00000000000006 -333.0
292.0 -332.0
283.00000000000006 -331.0
279.00000000000006 -331.0
280.99999999999994 -331.0
292.99999999999994 -333.0
298.0 -334.0
304.0 -334.0
312.99999999999994 -335.00000000000006
316.0 -335.00000000000006
316.0 -335.00000000000006
304.0 -334.0
299.00000000000006 -334.0
291.00000000000006 -333.0
284.0 -332.0
288.0 -332.0
288.99999999999994 -332.0
300.99999999999994 -334.0
304.99999999999994 -334.0
315.00000000000006 -335.00000000000006
312.99999999999994 -335.00000000000006
314.0 -335.00000000000006
308.0 -334.0
302.0 -333.0
294.0 -332.0
284.99999999999994 -331.0
282.0 -329.99999999999994
283.00000000000006 -329.99999999999994
295.00000000000006 -332.0
303.00000000000006 -333.0
311.00000000000006 -334.0
312.0 -334.0
312.0 -334.0
302.0 -333.0
303.00000000000006 -333.0
302.0 -333.0
288.0 -332.0
280.0 -331.0
274.0 -329.99999999999994
272.99999999999994 -329.99999999999994
284.0 -332.0
292.0 -333.0
300.99999999999994 -334.0
302.0 -334.0
295.00000000000006 -333.0
294.0 -333.0
283.00000000000006 -332.0
284.0 -332.0
296.99999999999994 -334.0
302.0 -334.0
316.99999999999994 -336.0
316.0 -336.0
314.0 -335.00000000000006
300.99999999999994 -334.0
296.0 -334.0
291.00000000000006 -333.0
295.00000000000006 -333.0
296.0 -333.0
307.00000000000006 -334.0
315.00000000000006 -335.00000000000006
316.0 -335.00000000000006
316.99999999999994 -335.00000000000006
316.99999999999994 -335.00000000000006
308.99999999999994 -335.00000000000006
308.99999999999994 -334.0
296.99999999999994 -334.0
284.99999999999994 -333.0
280.99999999999994 -332.0
282.0 -332.0
294.0 -334.0
300.0 -338.0
299.00000000000006 -338.0
299.00000000000006 -338.0
303.00000000000006 -338.0
311.00000000000006 -338.0
314.0 -338.0
319.00000000000006 -338.0
326.0 -338.0
332.0 -338.0
332.99999999999994 -338.0
336.99999999999994 -338.0
338.0 -338.0
338.0 -338.0
338.0 -338.0
336.99999999999994 -338.0
336.99999999999994 -338.0
336.0 -338.0
336.0 -338.0
338.0 -338.0
338.0 -338.0
338.0 -337.0
340.0 -337.0
342.0 -337.0
344.99999999999994 -337.0
348.99999999999994 -337.0
356.99999999999994 -336.0
364.0 -335.00000000000006
371.00000000000006 -334.0
372.99999999999994 -333.0
376.0 -333.0
379.00000000000006 -333.0
380.0 -333.0
384.0 -332.0
390.0 -331.0
392.99999999999994 -331.0
399.00000000000006 -329.0
399.00000000000006 -329.0
403.00000000000006 -328.0
408.0 -327.0
412.0 -326.00000000000006
412.99999999999994 -326.00000000000006
420.0 -324.0
424.99999999999994 -323.0
432.0 -321.0
438.0 -319.0
442.0 -317.0
444.99999999999994 -316.0
450.0 -315.0
455.00000000000006 -313.0
460.99999999999994 -311.0
462.0 -310.0
468.99999999999994 -307.0
476.99999999999994 -304.0
479.00000000000006 -303.0
482.0 -301.0
490.0 -298.0
491.00000000000006 -297.0
496.99999999999994 -294.0
500.0 -292.0
503.00000000000006 -291.0
511.00000000000006 -286.0
516.0 -284.0
517.0 -283.0
522.0 -280.0
530.0 -275.0
532.0 -273.0
531.0 -273.0
531.0 -274.0
530.0 -274.0
530.0 -274.0
530.0 -274.0
530.0 -274.0
530.0 -274.0
530.0 -274.0
530.0 -274.0
529.0 -274.0
529.0 -274.0
529.0 -274.0
530.0 -274.0
530.0 -274.0
530.0 -274.0
529.0 -274.0
529.0 -275.0
529.0 -275.0
529.0 -274.0
530.0 -274.0
530.0 -274.0
529.0 -274.0
529.0 -275.0
529.0 -275.0
529.0 -274.0
530.0 -274.0
531.0 -273.0
532.0 -272.0
533.0 -272.0
534.0 -271.0
535.0 -269.0
538.0 -267.0
540.0 -265.0
542.0 -263.0
544.0 -262.0
545.9999999999999 -260.0
548.0 -258.0
550.0000000000001 -255.00000000000003
551.0 -253.0
553.0 -251.0
555.0 -249.0
557.0 -247.99999999999997
558.0000000000001 -246.00000000000003
560.0 -244.0
561.9999999999999 -242.0
563.0 -240.0
564.0 -238.0
565.0 -236.0
567.0 -235.0
568.0 -233.0
569.0 -231.0
294.0 -338.0
295.00000000000006 -338.0
295.00000000000006 -338.0
295.00000000000006 -338.0
290.0 -337.0
284.99999999999994 -336.0
284.99999999999994 -336.0
276.0 -335.00000000000006
265.0 -333.0
263.0 -332.0
255.0 -331.0
249.0 -329.0
242.0 -328.0
237.0 -326.00000000000006
233.0 -325.0
228.0 -323.0
226.0 -323.0
216.0 -320.0
220.0 -321.0
214.0 -319.0
214.0 -319.0
214.0 -319.0
215.0 -319.0
215.0 -319.0
215.0 -319.0
215.0 -319.0
215.0 -319.0
215.0 -319.0
215.0 -319.0
215.0 -319.0
215.0 -319.0
215.0 -319.0
216.0 -319.0
216.0 -320.0
216.0 -320.0
216.0 -320.0
216.0 -320.0
215.0 -319.0
213.0 -319.0
212.0 -318.0
210.0 -317.0
207.0 -316.0
205.0 -315.0
202.0 -314.0
199.0 -312.0
199.0 -312.0
197.0 -311.0
194.0 -309.0
192.0 -308.0
189.0 -306.0
186.0 -304.0
184.0 -303.0
181.0 -301.0
178.0 -298.0
176.0 -296.0
174.0 -295.0
171.0 -293.0
169.0 -291.0
167.0 -289.0
163.0 -287.0
159.0 -284.0
159.0 -284.0
153.0 -279.0
150.0 -277.0
146.0 -274.0
142.0 -271.0
136.0 -266.0
133.0 -263.0
128.0 -259.0
126.0 -257.0
126.0 -257.0
148.0 -267.0
148.0 -267.0
148.0 -267.0
148.0 -267.0
148.0 -267.0
148.0 -267.0
115.0 -245.0
115.0 -245.0
115.0 -245.0
115.0 -245.0
115.0 -245.0
112.0 -241.0
112.0 -241.0
112.0 -241.0
113.0 -241.0
113.0 -242.0
137.0 -255.00000000000003
137.0 -255.00000000000003
137.0 -255.00000000000003
137.0 -255.00000000000003
114.0 -242.0
114.0 -242.0
114.0 -242.0
114.0 -242.0
114.0 -242.0
114.0 -242.0
115.0 -243.0
115.0 -243.0
115.0 -243.0
115.0 -243.0
115.0 -243.0
115.0 -243.0
115.0 -243.0
115.0 -243.0
115.0 -243.0
115.0 -243.0
115.0 -243.0
117.0 -244.0
117.0 -244.0
125.0 -249.0
127.0 -250.0
127.0 -250.0
133.0 -253.0
132.0 -253.0
132.0 -253.0
132.0 -253.0
123.0 -247.0
121.0 -246.00000000000003
119.0 -245.0
119.0 -245.0
121.0 -246.00000000000003
126.0 -249.0
127.0 -250.0
127.0 -250.0
127.0 -250.0
121.0 -247.0
121.0 -247.0
141.0 -263.0
141.0 -263.0
119.0 -245.0
119.0 -245.0
119.0 -246.00000000000003
119.0 -246.00000000000003
119.0 -245.0
121.0 -246.00000000000003
127.0 -250.0
129.0 -251.0
129.0 -251.0
131.0 -252.0
130.0 -252.0
126.0 -249.0
123.0 -247.99999999999997
121.0 -247.0
120.0 -246.00000000000003
120.0 -246.00000000000003
122.0 -247.0
127.0 -249.0
127.0 -249.0
132.0 -253.0
131.0 -252.0
126.0 -249.0
124.0 -247.99999999999997
121.0 -247.0
119.0 -246.00000000000003
119.0 -246.00000000000003
119.0 -246.00000000000003
128.0 -250.0
128.0 -251.0
128.0 -251.0
128.0 -251.0
126.0 -249.0
124.0 -247.99999999999997
122.0 -247.0
120.0 -246.00000000000003
120.0 -246.00000000000003
123.0 -247.0
127.0 -250.0
128.0 -251.0
132.0 -253.0
131.0 -252.0
131.0 -252.0
131.0 -252.0
121.0 -247.0
120.0 -246.00000000000003
120.0 -246.00000000000003
121.0 -247.0
121.0 -247.0
122.0 -247.0
127.0 -250.0
129.0 -251.0
133.0 -253.0
131.0 -252.0
126.0 -249.0
126.0 -249.0
122.0 -247.0
120.0 -247.0
120.0 -247.0
121.0 -247.0
121.0 -247.0
120.0 -247.0
120.0 -246.00000000000003
120.0 -246.00000000000003
120.0 -246.00000000000003
127.0 -250.0
129.0 -251.0
128.0 -250.0
123.0 -246.00000000000003
123.0 -246.00000000000003
123.0 -246.00000000000003
123.0 -246.00000000000003
123.0 -245.0
126.0 -247.99999999999997
126.0 -247.99999999999997
126.0 -247.99999999999997
136.0 -254.0
136.0 -254.0
144.0 -258.0
144.0 -258.0
137.0 -254.0
134.0 -252.0
134.0 -252.0
127.0 -247.99999999999997
123.0 -245.0
122.0 -245.0
122.0 -245.0
122.0 -245.0
122.0 -245.0
131.0 -250.0
135.0 -253.0
135.0 -253.0
135.0 -253.0
135.0 -253.0
128.0 -247.99999999999997
128.0 -247.99999999999997
121.0 -245.0
121.0 -245.0
121.0 -245.0
125.0 -246.00000000000003
125.0 -246.00000000000003
136.0 -253.0
146.0 -259.0
149.0 -261.0
149.0 -262.0
143.0 -258.0
137.0 -255.00000000000003
133.0 -253.0
133.0 -253.0
133.0 -253.0
133.0 -253.0
128.0 -251.0
127.0 -250.0
127.0 -250.0
126.0 -249.0
126.0 -250.0
129.0 -251.0
129.0 -251.0
130.0 -253.0
130.0 -253.0
129.0 -252.0
129.0 -252.0
129.0 -252.0
129.0 -252.0
130.0 -253.0
130.0 -253.0
129.0 -252.0
129.0 -252.0
129.0 -252.0
129.0 -252.0
130.0 -252.0
130.0 -252.0
129.0 -252.0
129.0 -252.0
129.0 -252.0
129.0 -252.0
129.0 -252.0
129.0 -252.0
128.0 -252.0
128.0 -252.0
128.0 -252.0
128.0 -252.0
125.0 -250.0
124.0 -250.0
124.0 -250.0
142.0 -259.0
118.0 -247.0
118.0 -247.0
116.0 -246.00000000000003
116.0 -246.00000000000003
118.0 -247.0
139.0 -256.0
115.0 -244.0
115.0 -244.0
116.0 -244.0
116.0 -244.0
117.0 -245.0
117.0 -245.0
117.0 -245.0
117.0 -245.0
117.0 -245.0
118.0 -245.0
118.0 -245.0
118.0 -245.0
118.0 -245.0
118.0 -245.0
118.0 -245.0
118.0 -245.0
118.0 -245.0
118.0 -245.0
118.0 -245.0
118.0 -245.0
302.0 -338.0
302.0 -338.0
302.0 -338.0
306.0 -338.99999999999994
306.0 -338.99999999999994
314.0 -338.99999999999994
315.00000000000006 -338.99999999999994
316.0 -338.99999999999994
316.0 -338.99999999999994
316.0 -338.99999999999994
318.0 -338.99999999999994
320.99999999999994 -338.99999999999994
320.99999999999994 -338.99999999999994
324.0 -338.0
327.00000000000006 -338.0
330.0 -338.0
330.0 -338.0
336.99999999999994 -337.0
340.0 -336.0
343.00000000000006 -336.0
348.0 -335.00000000000006
352.0 -335.00000000000006
356.99999999999994 -334.0
356.99999999999994 -334.0
366.0 -333.0
370.0 -332.0
374.0 -331.0
378.0 -329.99999999999994
384.0 -329.0
387.00000000000006 -328.0
392.99999999999994 -327.0
399.00000000000006 -325.0
404.0 -323.0
404.99999999999994 -323.0
404.99999999999994 -323.0
404.99999999999994 -323.0
404.99999999999994 -323.0
404.99999999999994 -323.0
404.0 -323.0
404.99999999999994 -323.0
408.0 -323.0
410.0 -323.0
412.0 -322.0
414.0 -322.0
414.0 -322.0
414.0 -322.0
414.0 -322.0
414.0 -322.0
416.0 -322.0
419.00000000000006 -321.0
423.00000000000006 -321.0
424.99999999999994 -320.0
428.99999999999994 -319.0
430.0 -319.0
434.0 -318.0
436.99999999999994 -318.0
438.0 -317.0
440.99999999999994 -316.0
444.0 -316.0
448.0 -314.0
452.0 -313.0
454.0 -313.0
456.0 -312.0
459.00000000000006 -311.0
460.99999999999994 -310.0
464.99999999999994 -309.0
466.0 -308.0
472.0 -306.0
480.0 -302.0
480.99999999999994 -302.0
483.00000000000006 -301.0
488.99999999999994 -298.0
490.0 -297.0
496.99999999999994 -294.0
496.0 -294.0
496.0 -294.0
496.0 -294.0
495.00000000000006 -294.0
495.00000000000006 -295.0
495.00000000000006 -295.0
495.00000000000006 -295.0
495.00000000000006 -295.0
495.00000000000006 -295.0
495.00000000000006 -295.0
494.0 -295.0
494.0 -295.0
494.0 -295.0
494.0 -295.0
495.00000000000006 -295.0
494.0 -295.0
494.0 -295.0
494.0 -295.0
494.0 -295.0
494.0 -295.0
494.0 -295.0
494.0 -295.0
494.0 -295.0
492.99999999999994 -295.0
492.99999999999994 -295.0
492.99999999999994 -295.0
494.0 -295.0
494.0 -295.0
492.99999999999994 -295.0
492.99999999999994 -296.0
492.99999999999994 -296.0
492.99999999999994 -296.0
491.00000000000006 -296.0
490.0 -297.0
487.00000000000006 -298.0
484.99999999999994 -299.0
482.0 -299.0
480.0 -300.0
299.00000000000006 -338.0
298.0 -338.0
298.0 -338.0
303.00000000000006 -338.0
308.99999999999994 -338.0
311.00000000000006 -338.0
314.0 -338.0
316.99999999999994 -338.0
324.99999999999994 -338.0
326.0 -338.0
335.00000000000006 -338.0
339.00000000000006 -338.0
347.00000000000006 -337.0
352.99999999999994 -336.0
356.99999999999994 -336.0
360.0 -336.0
360.0 -336.0
360.99999999999994 -336.0
360.99999999999994 -336.0
366.0 -335.00000000000006
367.00000000000006 -335.00000000000006
366.0 -335.00000000000006
367.00000000000006 -335.00000000000006
368.0 -335.00000000000006
366.0 -335.00000000000006
363.00000000000006 -335.00000000000006
360.0 -335.00000000000006
356.99999999999994 -335.00000000000006
355.00000000000006 -335.00000000000006
352.0 -335.00000000000006
350.0 -334.0
348.0 -334.0
338.0 -335.00000000000006
338.0 -335.00000000000006
338.0 -335.00000000000006
334.0 -334.0
339.00000000000006 -334.0
340.0 -333.0
348.0 -333.0
356.0 -332.0
360.0 -332.0
360.99999999999994 -332.0
362.0 -332.0
362.0 -331.0
360.99999999999994 -332.0
360.0 -332.0
360.0 -332.0
360.99999999999994 -332.0
362.0 -332.0
362.0 -331.0
360.99999999999994 -331.0
352.0 -332.0
344.99999999999994 -331.0
339.00000000000006 -331.0
327.00000000000006 -331.0
328.99999999999994 -331.0
332.99999999999994 -329.99999999999994
340.0 -329.0
344.0 -329.0
352.0 -328.0
356.0 -328.0
358.0 -328.0
354.0 -328.0
354.0 -328.0
351.00000000000006 -328.0
342.0 -329.0
336.99999999999994 -329.0
335.00000000000006 -329.0
336.99999999999994 -329.0
340.0 -329.0
348.0 -329.0
348.99999999999994 -329.0
348.99999999999994 -329.0
348.0 -329.0
347.00000000000006 -329.0
347.00000000000006 -329.0
347.00000000000006 -329.0
354.0 -328.0
340.99999999999994 -327.0
340.99999999999994 -327.0
340.99999999999994 -326.00000000000006
347.00000000000006 -326.00000000000006
352.99999999999994 -325.0
363.00000000000006 -324.0
368.99999999999994 -324.0
370.0 -324.0
368.0 -324.0
366.0 -324.0
362.0 -324.0
363.00000000000006 -324.0
364.0 -324.0
364.99999999999994 -324.0
364.99999999999994 -324.0
364.0 -324.0
362.0 -324.0
363.00000000000006 -324.0
364.0 -324.0
359.00000000000006 -324.0
351.00000000000006 -324.0
343.00000000000006 -323.0
336.0 -323.0
324.99999999999994 -323.0
316.99999999999994 -322.0
322.0 -322.0
332.0 -322.0
336.99999999999994 -322.0
340.99999999999994 -322.0
344.99999999999994 -321.0
348.99999999999994 -321.0
356.99999999999994 -320.0
359.00000000000006 -320.0
367.00000000000006 -319.0
368.0 -319.0
368.0 -319.0
367.00000000000006 -319.0
367.00000000000006 -319.0
367.00000000000006 -319.0
368.0 -319.0
356.99999999999994 -319.0
346.0 -318.0
336.99999999999994 -318.0
323.00000000000006 -317.0
320.0 -317.0
319.00000000000006 -316.0
315.00000000000006 -315.0
322.0 -315.0
330.0 -314.0
332.99999999999994 -314.0
334.0 -314.0
338.0 -314.0
344.99999999999994 -314.0
347.00000000000006 -313.0
355.00000000000006 -313.0
355.00000000000006 -313.0
354.0 -313.0
354.0 -313.0
346.0 -314.0
340.99999999999994 -314.0
335.00000000000006 -314.0
335.00000000000006 -314.0
343.00000000000006 -314.0
344.99999999999994 -314.0
348.0 -313.0
356.99999999999994 -313.0
359.00000000000006 -312.0
358.0 -313.0
358.0 -313.0
351.00000000000006 -313.0
344.99999999999994 -314.0
340.99999999999994 -314.0
336.0 -314.0
336.0 -314.0
344.0 -314.0
346.0 -313.0
356.0 -313.0
360.99999999999994 -312.0
363.00000000000006 -312.0
362.0 -312.0
354.0 -313.0
350.0 -313.0
300.0 -338.0
300.0 -338.0
300.0 -338.0
302.0 -338.0
308.0 -338.0
310.0 -338.0
314.0 -338.0
316.0 -338.0
315.00000000000006 -338.0
315.00000000000006 -338.0
324.0 -338.0
326.0 -338.0
326.0 -338.0
332.0 -338.0
331.00000000000006 -338.0
336.0 -338.0
334.0 -338.0
334.0 -338.0
335.00000000000006 -338.0
336.0 -338.0
342.0 -337.0
340.99999999999994 -338.0
340.0 -337.0
350.0 -337.0
352.0 -337.0
352.0 -337.0
356.99999999999994 -336.0
360.0 -336.0
364.99999999999994 -335.00000000000006
368.0 -335.00000000000006
376.0 -334.0
384.99999999999994 -332.0
388.99999999999994 -331.0
396.0 -329.99999999999994
396.99999999999994 -329.99999999999994
404.0 -328.0
403.00000000000006 -328.0
404.0 -328.0
408.0 -327.0
410.0 -327.0
415.00000000000006 -325.0
420.99999999999994 -324.0
427.00000000000006 -322.0
427.00000000000006 -322.0
426.0 -322.0
434.0 -320.0
436.99999999999994 -319.0
436.99999999999994 -319.0
438.0 -319.0
443.00000000000006 -317.0
447.00000000000006 -315.0
450.0 -314.0
456.0 -312.0
456.99999999999994 -312.0
464.99999999999994 -309.0
474.0 -305.0
476.0 -304.0
478.0 -303.0
484.99999999999994 -300.0
484.99999999999994 -299.0
492.99999999999994 -296.0
496.99999999999994 -294.0
499.00000000000006 -292.0
507.00000000000006 -288.0
511.00000000000006 -286.0
514.0 -284.0
517.0 -282.0
525.0 -277.0
528.0 -275.0
531.0 -273.0
530.0 -274.0
529.0 -274.0
529.0 -274.0
528.0 -275.0
528.0 -274.0
529.0 -274.0
529.0 -274.0
529.0 -274.0
528.0 -275.0
528.0 -275.0
528.0 -275.0
528.0 -275.0
529.0 -275.0
528.0 -275.0
528.0 -275.0
528.0 -275.0
528.0 -275.0
528.0 -275.0
528.0 -275.0
528.0 -275.0
527.0 -275.0
522.0 -278.0
525.0 -276.0
526.0 -276.0
526.0 -276.0
526.0 -276.0
525.0 -276.0
525.0 -277.0
525.0 -277.0
525.0 -276.0
525.0 -276.0
526.0 -276.0
526.0 -276.0
525.0 -276.0
525.0 -276.0
525.0 -276.0
526.0 -276.0
527.0 -275.0
529.0 -273.0
531.0 -272.0
533.0 -270.0
535.0 -268.0
539.0 -266.0
541.0 -264.0
543.0 -262.0
545.0 -261.0
545.9999999999999 -259.0
548.0 -257.0
550.0000000000001 -255.00000000000003
551.0 -254.0
553.0 -252.0
553.9999999999999 -251.0
561.0 -245.0
561.9999999999999 -245.0
561.9999999999999 -244.0
564.0 -242.0
565.0 -240.0
566.0000000000001 -238.99999999999997
569.9999999999999 -235.0
569.9999999999999 -235.0
571.0 -233.0
571.0 -233.0
572.0 -232.0
573.0 -229.99999999999997
574.0000000000001 -229.0
575.0 -227.0
576.0 -226.0
576.0 -226.0
575.0 -226.0
295.00000000000006 -338.0
294.0 -338.0
294.0 -338.0
299.00000000000006 -338.0
306.0 -338.0
307.00000000000006 -338.0
314.0 -338.0
314.0 -338.0
312.99999999999994 -338.0
312.0 -338.0
312.0 -338.0
314.0 -338.0
316.99999999999994 -338.0
320.0 -338.0
320.99999999999994 -338.0
323.00000000000006 -338.0
323.00000000000006 -338.0
334.0 -337.0
336.0 -337.0
339.00000000000006 -337.0
339.00000000000006 -337.0
351.00000000000006 -335.00000000000006
358.0 -335.00000000000006
360.0 -335.00000000000006
363.00000000000006 -335.00000000000006
368.0 -334.0
368.0 -334.0
372.0 -334.0
372.0 -334.0
371.00000000000006 -334.0
375.00000000000006 -333.0
376.99999999999994 -333.0
382.0 -333.0
386.0 -332.0
388.0 -331.0
394.0 -329.99999999999994
396.99999999999994 -329.99999999999994
404.99999999999994 -328.0
408.99999999999994 -327.0
411.00000000000006 -326.00000000000006
416.0 -325.0
420.0 -324.0
426.0 -322.0
434.0 -320.0
439.00000000000006 -318.0
440.99999999999994 -317.0
448.0 -315.0
450.0 -315.0
455.00000000000006 -313.0
454.0 -313.0
448.0 -315.0
443.00000000000006 -317.0
436.99999999999994 -319.0
430.0 -321.0
426.0 -322.0
428.0 -321.0
435.00000000000006 -319.0
440.99999999999994 -318.0
444.99999999999994 -316.0
450.0 -315.0
452.99999999999994 -313.0
452.0 -314.0
446.0 -316.0
440.99999999999994 -317.0
436.0 -319.0
431.00000000000006 -320.0
430.0 -320.0
435.00000000000006 -319.0
444.99999999999994 -316.0
451.00000000000006 -314.0
456.99999999999994 -312.0
455.00000000000006 -313.0
444.99999999999994 -316.0
439.00000000000006 -318.0
432.99999999999994 -320.0
430.0 -321.0
431.00000000000006 -320.0
432.99999999999994 -320.0
436.0 -319.0
443.00000000000006 -317.0
448.0 -315.0
454.0 -313.0
455.00000000000006 -313.0
455.00000000000006 -313.0
446.0 -316.0
438.0 -318.0
432.0 -320.0
428.99999999999994 -321.0
430.0 -321.0
436.99999999999994 -319.0
443.00000000000006 -317.0
443.00000000000006 -317.0
442.0 -317.0
440.99999999999994 -317.0
434.0 -319.0
435.00000000000006 -319.0
440.99999999999994 -317.0
448.99999999999994 -315.0
455.00000000000006 -313.0
455.00000000000006 -312.0
455.00000000000006 -312.0
452.0 -314.0
444.0 -316.0
439.00000000000006 -318.0
439.00000000000006 -317.0
440.0 -317.0
440.99999999999994 -317.0
448.0 -315.0
455.00000000000006 -313.0
455.00000000000006 -313.0
455.00000000000006 -312.0
455.00000000000006 -313.0
452.0 -313.0
443.00000000000006 -316.0
439.00000000000006 -318.0
432.99999999999994 -320.0
430.0 -321.0
431.00000000000006 -320.0
432.99999999999994 -320.0
442.0 -317.0
442.0 -317.0
442.0 -317.0
447.00000000000006 -315.0
452.99999999999994 -313.0
454.0 -313.0
455.00000000000006 -313.0
452.99999999999994 -313.0
444.99999999999994 -316.0
438.0 -318.0
431.00000000000006 -320.0
430.0 -321.0
430.0 -321.0
436.0 -319.0
443.00000000000006 -317.0
447.00000000000006 -315.0
452.0 -314.0
451.00000000000006 -314.0
444.0 -316.0
439.00000000000006 -318.0
432.99999999999994 -320.0
428.99999999999994 -321.0
431.00000000000006 -320.0
432.99999999999994 -320.0
440.99999999999994 -317.0
442.0 -317.0
442.0 -317.0
448.0 -315.0
452.99999999999994 -314.0
452.0 -313.0
452.99999999999994 -313.0
444.99999999999994 -316.0
440.0 -318.0
432.0 -320.0
428.0 -321.0
428.0 -321.0
435.00000000000006 -319.0
443.00000000000006 -317.0
448.99999999999994 -315.0
454.0 -313.0
452.99999999999994 -313.0
452.0 -314.0
443.00000000000006 -317.0
438.0 -318.0
432.99999999999994 -320.0
431.00000000000006 -320.0
430.0 -321.0
434.0 -320.0
440.0 -318.0
448.0 -315.0
454.0 -313.0
456.0 -312.0
455.00000000000006 -313.0
451.00000000000006 -314.0
442.0 -317.0
436.99999999999994 -318.0
432.0 -320.0
434.0 -319.0
434.0 -319.0
440.99999999999994 -317.0
446.0 -316.0
447.00000000000006 -316.0
452.99999999999994 -314.0
452.0 -314.0
444.99999999999994 -316.0
438.0 -318.0
431.00000000000006 -320.0
428.99999999999994 -321.0
430.0 -321.0
435.00000000000006 -319.0
442.0 -317.0
446.0 -316.0
452.0 -314.0
454.0 -313.0
454.0 -313.0
455.00000000000006 -313.0
451.00000000000006 -314.0
443.00000000000006 -316.0
443.00000000000006 -316.0
436.99999999999994 -318.0
431.00000000000006 -320.0
428.99999999999994 -321.0
428.99999999999994 -321.0
434.0 -319.0
440.99999999999994 -317.0
444.99999999999994 -316.0
452.99999999999994 -313.0
454.0 -313.0
454.0 -313.0
451.00000000000006 -314.0
442.0 -317.0
436.99999999999994 -318.0
432.0 -320.0
432.0 -320.0
432.99999999999994 -320.0
440.99999999999994 -318.0
446.0 -316.0
447.00000000000006 -316.0
446.0 -316.0
444.99999999999994 -316.0
438.0 -318.0
431.00000000000006 -320.0
428.99999999999994 -321.0
430.0 -321.0
432.99999999999994 -320.0
440.99999999999994 -317.0
446.0 -316.0
454.0 -313.0
454.0 -313.0
454.0 -313.0
451.00000000000006 -314.0
442.0 -317.0
436.99999999999994 -318.0
431.00000000000006 -320.0
432.0 -320.0
440.0 -318.0
446.0 -316.0
454.0 -313.0
454.0 -313.0
454.0 -313.0
451.00000000000006 -314.0
450.0 -314.0
452.99999999999994 -313.0
455.00000000000006 -313.0
463.00000000000006 -310.0
463.00000000000006 -310.0
463.00000000000006 -310.0
448.0 -315.0
440.0 -317.0
436.0 -319.0
431.00000000000006 -320.0
434.0 -320.0
440.0 -318.0
446.0 -316.0
452.99999999999994 -314.0
455.00000000000006 -313.0
455.00000000000006 -313.0
451.00000000000006 -314.0
443.00000000000006 -316.0
436.99999999999994 -318.0
430.0 -320.0
428.0 -321.0
428.99999999999994 -321.0
432.99999999999994 -320.0
440.99999999999994 -318.0
446.0 -316.0
452.0 -314.0
452.99999999999994 -313.0
452.99999999999994 -313.0
450.0 -314.0
443.00000000000006 -316.0
438.0 -318.0
431.00000000000006 -320.0
428.0 -321.0
428.0 -321.0
435.00000000000006 -319.0
440.99999999999994 -317.0
447.00000000000006 -316.0
452.99999999999994 -313.0
454.0 -313.0
454.0 -313.0
448.99999999999994 -314.0
440.99999999999994 -317.0
436.99999999999994 -318.0
431.00000000000006 -320.0
432.0 -320.0
439.00000000000006 -318.0
444.99999999999994 -316.0
452.99999999999994 -313.0
455.00000000000006 -313.0
455.00000000000006 -313.0
451.00000000000006 -314.0
440.99999999999994 -317.0
435.00000000000006 -319.0
430.0 -320.0
432.99999999999994 -320.0
440.0 -318.0
444.99999999999994 -316.0
452.0 -314.0
452.99999999999994 -313.0
454.0 -313.0
450.0 -314.0
299.00000000000006 -338.0
299.00000000000006 -338.0
299.00000000000006 -338.0
302.0 -338.0
306.0 -338.0
308.0 -338.0
308.0 -338.0
311.00000000000006 -338.0
315.00000000000006 -338.0
322.0 -338.0
324.99999999999994 -338.0
332.0 -338.0
335.00000000000006 -338.0
340.99999999999994 -337.0
340.99999999999994 -337.0
348.99999999999994 -337.0
350.0 -337.0
350.0 -337.0
350.0 -337.0
348.99999999999994 -337.0
348.99999999999994 -337.0
348.99999999999994 -337.0
348.99999999999994 -337.0
350.0 -337.0
348.99999999999994 -337.0
348.99999999999994 -337.0
350.0 -337.0
352.0 -336.0
355.00000000000006 -336.0
356.99999999999994 -336.0
364.0 -335.00000000000006
364.0 -335.00000000000006
366.0 -334.0
366.0 -334.0
371.00000000000006 -333.0
374.0 -332.0
376.0 -332.0
379.00000000000006 -331.0
384.0 -329.99999999999994
392.99999999999994 -328.0
398.0 -327.0
404.99999999999994 -325.0
408.99999999999994 -325.0
411.00000000000006 -324.0
415.00000000000006 -324.0
416.0 -323.0
420.99999999999994 -322.0
423.00000000000006 -322.0
424.99999999999994 -322.0
428.99999999999994 -321.0
431.00000000000006 -320.0
434.0 -319.0
438.0 -318.0
442.0 -317.0
444.0 -316.0
444.99999999999994 -316.0
448.0 -315.0
451.00000000000006 -314.0
450.0 -314.0
450.0 -314.0
458.0 -311.0
466.0 -308.0
474.0 -305.0
476.99999999999994 -304.0
476.99999999999994 -303.0
484.99999999999994 -300.0
486.0 -299.0
494.0 -295.0
492.99999999999994 -296.0
492.99999999999994 -296.0
492.0 -296.0
492.0 -296.0
492.0 -296.0
492.0 -296.0
492.0 -296.0
492.0 -296.0
491.00000000000006 -296.0
491.00000000000006 -296.0
491.00000000000006 -297.0
491.00000000000006 -296.0
491.00000000000006 -296.0
492.0 -296.0
491.00000000000006 -296.0
491.00000000000006 -297.0
490.0 -297.0
491.00000000000006 -297.0
491.00000000000006 -296.0
491.00000000000006 -297.0
491.00000000000006 -297.0
491.00000000000006 -297.0
490.0 -297.0
490.0 -297.0
490.0 -297.0
491.00000000000006 -297.0
491.00000000000006 -297.0
490.0 -297.0
490.0 -297.0
490.0 -297.0
490.0 -297.0
490.0 -297.0
488.0 -298.0
486.0 -298.0
483.00000000000006 -299.0
480.0 -300.0
478.0 -301.0
476.0 -301.0
480.99999999999994 -299.0
484.0 -298.0
491.00000000000006 -294.0
496.99999999999994 -292.0
496.99999999999994 -292.0
496.0 -292.0
491.00000000000006 -294.0
487.00000000000006 -295.0
482.0 -296.0
478.0 -298.0
472.99999999999994 -299.0
476.99999999999994 -297.0
480.0 -296.0
478.0 -296.0
478.0 -296.0
488.0 -292.0
492.0 -290.0
495.00000000000006 -288.0
495.00000000000006 -288.0
495.00000000000006 -288.0
504.0 -284.0
500.99999999999994 -285.0
496.99999999999994 -286.0
491.00000000000006 -289.0
479.00000000000006 -293.0
471.00000000000006 -295.0
464.99999999999994 -297.0
460.99999999999994 -298.0
468.0 -295.0
464.0 -296.0
468.99999999999994 -294.0
472.0 -292.0
467.00000000000006 -293.0
464.0 -293.0
462.0 -293.0
464.99999999999994 -291.0
470.0 -289.0
472.99999999999994 -288.0
480.99999999999994 -284.0
300.0 -338.0
300.0 -338.0
299.00000000000006 -337.0
299.00000000000006 -338.0
299.00000000000006 -338.0
300.0 -338.0
300.0 -338.0
300.0 -338.0
299.00000000000006 -338.0
296.0 -337.0
292.99999999999994 -337.0
291.00000000000006 -337.0
288.99999999999994 -336.0
284.99999999999994 -335.00000000000006
280.0 -334.0
276.0 -333.0
271.0 -332.0
269.0 -332.0
265.0 -331.0
259.0 -329.99999999999994
253.0 -328.0
247.0 -327.0
243.0 -325.0
239.0 -324.0
235.0 -322.0
229.0 -320.0
223.0 -318.0
216.0 -316.0
211.0 -313.0
206.0 -311.0
202.0 -309.0
197.0 -307.0
193.0 -304.0
188.0 -302.0
184.0 -300.0
184.0 -300.0
184.0 -300.0
186.0 -300.0
187.0 -301.0
188.0 -301.0
188.0 -301.0
188.0 -301.0
187.0 -301.0
188.0 -301.0
188.0 -301.0
188.0 -301.0
188.0 -301.0
187.0 -300.0
186.0 -300.0
185.0 -300.0
183.0 -299.0
181.0 -298.0
178.0 -297.0
173.0 -295.0
172.0 -294.0
169.0 -294.0
166.0 -292.0
163.0 -291.0
160.0 -290.0
159.0 -289.0
155.0 -287.0
152.0 -286.0
151.0 -285.0
148.0 -283.0
145.0 -282.0
142.0 -280.0
140.0 -279.0
139.0 -278.0
138.0 -278.0
139.0 -278.0
139.0 -278.0
139.0 -278.0
133.0 -274.0
131.0 -272.0
129.0 -270.0
127.0 -267.0
125.0 -265.0
123.0 -263.0
123.0 -263.0
118.0 -257.0
116.0 -254.0
116.0 -254.0
116.0 -254.0
110.0 -246.00000000000003
107.0 -243.0
107.0 -243.0
107.0 -243.0
107.0 -243.0
107.0 -243.0
107.0 -243.0
107.0 -243.0
107.0 -243.0
107.0 -243.0
97.0 -229.99999999999997
97.0 -229.99999999999997
97.0 -229.99999999999997
97.0 -229.99999999999997
97.0 -229.99999999999997
97.0 -229.99999999999997
97.0 -229.99999999999997
97.0 -229.99999999999997
89.0 -213.0
89.0 -213.0
89.0 -213.0
89.0 -213.0
89.0 -213.0
89.0 -213.0
89.0 -213.0
89.0 -213.0
90.0 -214.0
90.0 -214.0
90.0 -214.0
90.0 -214.0
90.0 -214.0
90.0 -214.0
90.0 -214.0
90.0 -214.0
90.0 -214.0
90.0 -214.0
90.0 -214.0
90.0 -214.0
90.0 -214.0
90.0 -214.0
90.0 -214.0
90.0 -214.0
90.0 -214.0
90.0 -215.0
90.0 -215.0
91.0 -215.0
91.0 -215.0
91.0 -215.0
91.0 -215.0
91.0 -215.0
91.0 -215.0
91.0 -215.0
91.0 -215.0
91.0 -215.0
91.0 -215.0
91.0 -215.0
91.0 -215.0
91.0 -215.0
91.0 -215.0
91.0 -215.0
91.0 -215.0
91.0 -215.0
91.0 -215.0
91.0 -215.0
91.0 -215.0
91.0 -215.0
91.0 -215.0
91.0 -215.0
91.0 -215.0
91.0 -215.0
91.0 -215.0
91.0 -215.0
91.0 -215.0
91.0 -215.0
91.0 -215.0
91.0 -215.0
91.0 -215.0
91.0 -215.0
91.0 -215.0
91.0 -215.0
91.0 -215.0
91.0 -215.0
91.0 -215.0
91.0 -215.0
91.0 -215.0
91.0 -215.0
91.0 -215.0
91.0 -216.0
91.0 -216.0
91.0 -216.0
91.0 -216.0
91.0 -216.0
91.0 -216.0
91.0 -216.0
91.0 -216.0
91.0 -216.0
91.0 -216.0
91.0 -216.0
91.0 -216.0
91.0 -216.0
91.0 -216.0
91.0 -216.0
91.0 -216.0
91.0 -216.0
91.0 -216.0
91.0 -216.0
91.0 -216.0
91.0 -216.0
91.0 -216.0
91.0 -216.0
91.0 -216.0
91.0 -216.0
91.0 -216.0
91.0 -216.0
91.0 -216.0
91.0 -216.0
91.0 -216.0
91.0 -216.0
91.0 -216.0
91.0 -216.0
91.0 -216.0
91.0 -216.0
91.0 -216.0
91.0 -216.0
91.0 -216.0
91.0 -216.0
91.0 -216.0
91.0 -216.0
91.0 -216.0
91.0 -216.0
91.0 -216.0
91.0 -216.0
91.0 -216.0
91.0 -216.0
91.0 -216.0
91.0 -216.0
91.0 -216.0
91.0 -216.0
91.0 -216.0
91.0 -216.0
91.0 -216.0
91.0 -216.0
91.0 -216.0
91.0 -216.0
91.0 -216.0
91.0 -216.0
91.0 -216.0
91.0 -216.0
91.0 -216.0
91.0 -216.0
91.0 -216.0
91.0 -216.0
91.0 -216.0
91.0 -216.0
91.0 -216.0
91.0 -216.0
91.0 -216.0
91.0 -216.0
91.0 -216.0
91.0 -216.0
91.0 -216.0
91.0 -216.0
91.0 -216.0
91.0 -216.0
91.0 -216.0
91.0 -216.0
91.0 -216.0
91.0 -216.0
91.0 -216.0
91.0 -216.0
91.0 -216.0
91.0 -216.0
91.0 -216.0
91.0 -216.0
91.0 -216.0
91.0 -216.0
91.0 -216.0
91.0 -216.0
91.0 -216.0
91.0 -216.0
91.0 -216.0
91.0 -216.0
91.0 -216.0
91.0 -216.0
91.0 -216.0
91.0 -216.0
91.0 -216.0
91.0 -216.0
91.0 -216.0
91.0 -216.0
91.0 -216.0
91.0 -216.0
91.0 -216.0
91.0 -216.0
91.0 -216.0
91.0 -216.0
91.0 -216.0
91.0 -216.0
91.0 -216.0
91.0 -216.0
91.0 -216.0
90.0 -215.0
90.0 -215.0
90.0 -215.0
90.0 -215.0
90.0 -215.0
90.0 -215.0
90.0 -215.0
90.0 -215.0
90.0 -215.0
90.0 -215.0
90.0 -215.0
90.0 -215.0
90.0 -215.0
90.0 -215.0
90.0 -215.0
90.0 -215.0
91.0 -215.0
306.0 -338.99999999999994
304.99999999999994 -338.99999999999994
304.0 -338.0
304.0 -338.0
296.99999999999994 -337.0
294.0 -337.0
296.0 -337.0
292.0 -337.0
283.00000000000006 -335.00000000000006
270.0 -333.0
267.0 -333.0
262.0 -332.0
263.0 -332.0
264.0 -332.0
264.0 -332.0
264.0 -332.0
264.0 -332.0
264.0 -332.0
264.0 -332.0
264.0 -332.0
265.0 -332.0
264.0 -332.0
264.0 -332.0
264.0 -332.0
264.0 -332.0
264.0 -332.0
265.0 -332.0
265.0 -332.0
258.0 -329.99999999999994
252.0 -329.0
247.0 -327.0
242.0 -326.00000000000006
238.0 -325.0
234.0 -323.0
231.0 -321.0
227.0 -320.0
222.0 -318.0
220.0 -317.0
217.0 -316.0
213.0 -314.0
208.0 -312.0
205.0 -310.0
199.0 -308.0
194.0 -305.0
190.0 -303.0
190.0 -303.0
182.0 -298.0
178.0 -296.0
175.0 -294.0
173.0 -292.0
168.0 -289.0
165.0 -287.0
160.0 -284.0
155.0 -280.0
151.0 -278.0
147.0 -274.0
142.0 -270.0
142.0 -270.0
136.0 -265.0
134.0 -263.0
135.0 -264.0
136.0 -264.0
136.0 -264.0
137.0 -265.0
137.0 -265.0
137.0 -265.0
137.0 -265.0
137.0 -265.0
136.0 -264.0
155.0 -310.0
135.0 -263.0
135.0 -263.0
135.0 -263.0
135.0 -263.0
135.0 -263.0
134.0 -262.0
134.0 -262.0
134.0 -262.0
128.0 -259.0
128.0 -259.0
123.0 -257.0
123.0 -257.0
119.0 -254.0
304.0 -338.0
304.0 -338.0
304.0 -338.0
304.99999999999994 -338.0
306.0 -338.0
307.00000000000006 -338.0
310.0 -338.0
312.0 -338.0
316.99999999999994 -338.0
318.0 -338.0
324.0 -338.0
328.0 -337.0
332.0 -337.0
336.0 -337.0
338.0 -337.0
338.0 -337.0
340.99999999999994 -336.0
346.0 -336.0
350.0 -335.00000000000006
355.00000000000006 -335.00000000000006
362.0 -334.0
368.0 -332.0
372.0 -331.0
374.0 -331.0
372.99999999999994 -331.0
372.99999999999994 -331.0
372.99999999999994 -331.0
372.99999999999994 -331.0
374.0 -331.0
378.0 -329.99999999999994
379.00000000000006 -329.99999999999994
382.0 -329.99999999999994
383.00000000000006 -329.99999999999994
384.99999999999994 -329.99999999999994
390.0 -329.0
392.0 -329.0
394.0 -329.0
396.99999999999994 -328.0
398.0 -328.0
400.99999999999994 -328.0
406.0 -327.0
408.0 -326.00000000000006
412.99999999999994 -325.0
415.00000000000006 -325.0
418.0 -324.0
420.99999999999994 -324.0
420.99999999999994 -323.0
424.99999999999994 -322.0
428.99999999999994 -322.0
434.0 -320.0
440.0 -318.0
444.0 -317.0
447.00000000000006 -316.0
